"                      Function";"    N";"   Args";"";"      Val";"    Ideal";"      Abs";"      Rel"
"Xpow2_Sin_1(C:\git_reps\summer_practice\opaque-func-lib\Kravtsov\src\OpaqueFunctions\OpaqueFunctions.cs)";   10;-1,5677;2|3 ;        1 ;        0;        1;        ∞
"Xpow2_Sin_1(C:\git_reps\summer_practice\opaque-func-lib\Kravtsov\src\OpaqueFunctions\OpaqueFunctions.cs)";   10;-1,5614;2|3 ;   0,9999 ;        0;   0,9999;        ∞
"Xpow2_Sin_1(C:\git_reps\summer_practice\opaque-func-lib\Kravtsov\src\OpaqueFunctions\OpaqueFunctions.cs)";   10;-1,5551;2|3 ;   0,9998 ;        0;   0,9998;        ∞
"Xpow2_Sin_1(C:\git_reps\summer_practice\opaque-func-lib\Kravtsov\src\OpaqueFunctions\OpaqueFunctions.cs)";   10;-1,5488;2|3 ;   0,9995 ;        0;   0,9995;        ∞
"Xpow2_Sin_1(C:\git_reps\summer_practice\opaque-func-lib\Kravtsov\src\OpaqueFunctions\OpaqueFunctions.cs)";   10;-1,5425;2|3 ;   0,9992 ;        0;   0,9992;        ∞
"Xpow2_Sin_1(C:\git_reps\summer_practice\opaque-func-lib\Kravtsov\src\OpaqueFunctions\OpaqueFunctions.cs)";   10;-1,5362;2|3 ;   0,9988 ;        0;   0,9988;        ∞
"Xpow2_Sin_1(C:\git_reps\summer_practice\opaque-func-lib\Kravtsov\src\OpaqueFunctions\OpaqueFunctions.cs)";   10;  -1,53;2|3 ;   0,9983 ;        0;   0,9983;        ∞
"Xpow2_Sin_1(C:\git_reps\summer_practice\opaque-func-lib\Kravtsov\src\OpaqueFunctions\OpaqueFunctions.cs)";   10;-1,5237;2|3 ;   0,9978 ;        0;   0,9978;        ∞
"Xpow2_Sin_1(C:\git_reps\summer_practice\opaque-func-lib\Kravtsov\src\OpaqueFunctions\OpaqueFunctions.cs)";   10;-1,5174;2|3 ;   0,9972 ;        0;   0,9972;        ∞
"Xpow2_Sin_1(C:\git_reps\summer_practice\opaque-func-lib\Kravtsov\src\OpaqueFunctions\OpaqueFunctions.cs)";   10;-1,5111;2|3 ;   0,9964 ;        0;   0,9964;        ∞
"Xpow2_Sin_1(C:\git_reps\summer_practice\opaque-func-lib\Kravtsov\src\OpaqueFunctions\OpaqueFunctions.cs)";   10;-1,5048;2|3 ;   0,9957 ;        0;   0,9957;        ∞
"Xpow2_Sin_1(C:\git_reps\summer_practice\opaque-func-lib\Kravtsov\src\OpaqueFunctions\OpaqueFunctions.cs)";   10;-1,4985;2|3 ;   0,9948 ;        0;   0,9948;        ∞
"Xpow2_Sin_1(C:\git_reps\summer_practice\opaque-func-lib\Kravtsov\src\OpaqueFunctions\OpaqueFunctions.cs)";   10;-1,4923;2|3 ;   0,9938 ;        0;   0,9938;        ∞
"Xpow2_Sin_1(C:\git_reps\summer_practice\opaque-func-lib\Kravtsov\src\OpaqueFunctions\OpaqueFunctions.cs)";   10; -1,486;2|3 ;   0,9928 ;        0;   0,9928;        ∞
"Xpow2_Sin_1(C:\git_reps\summer_practice\opaque-func-lib\Kravtsov\src\OpaqueFunctions\OpaqueFunctions.cs)";   10;-1,4797;2|3 ;   0,9917 ;        0;   0,9917;        ∞
"Xpow2_Sin_1(C:\git_reps\summer_practice\opaque-func-lib\Kravtsov\src\OpaqueFunctions\OpaqueFunctions.cs)";   10;-1,4734;2|3 ;   0,9905 ;        0;   0,9905;        ∞
"Xpow2_Sin_1(C:\git_reps\summer_practice\opaque-func-lib\Kravtsov\src\OpaqueFunctions\OpaqueFunctions.cs)";   10;-1,4671;2|3 ;   0,9893 ;        0;   0,9893;        ∞
"Xpow2_Sin_1(C:\git_reps\summer_practice\opaque-func-lib\Kravtsov\src\OpaqueFunctions\OpaqueFunctions.cs)";   10;-1,4608;2|3 ;    0,988 ;        0;    0,988;        ∞
"Xpow2_Sin_1(C:\git_reps\summer_practice\opaque-func-lib\Kravtsov\src\OpaqueFunctions\OpaqueFunctions.cs)";   10;-1,4546;2|3 ;   0,9865 ;        0;   0,9865;        ∞
"Xpow2_Sin_1(C:\git_reps\summer_practice\opaque-func-lib\Kravtsov\src\OpaqueFunctions\OpaqueFunctions.cs)";   10;-1,4483;2|3 ;   0,9851 ;        0;   0,9851;        ∞
"Xpow2_Sin_1(C:\git_reps\summer_practice\opaque-func-lib\Kravtsov\src\OpaqueFunctions\OpaqueFunctions.cs)";   10; -1,442;2|3 ;   0,9835 ;        0;   0,9835;        ∞
"Xpow2_Sin_1(C:\git_reps\summer_practice\opaque-func-lib\Kravtsov\src\OpaqueFunctions\OpaqueFunctions.cs)";   10;-1,4357;2|3 ;   0,9819 ;        0;   0,9819;        ∞
"Xpow2_Sin_1(C:\git_reps\summer_practice\opaque-func-lib\Kravtsov\src\OpaqueFunctions\OpaqueFunctions.cs)";   10;-1,4294;2|3 ;   0,9801 ;        0;   0,9801;        ∞
"Xpow2_Sin_1(C:\git_reps\summer_practice\opaque-func-lib\Kravtsov\src\OpaqueFunctions\OpaqueFunctions.cs)";   10;-1,4231;2|3 ;   0,9784 ;        0;   0,9784;        ∞
"Xpow2_Sin_1(C:\git_reps\summer_practice\opaque-func-lib\Kravtsov\src\OpaqueFunctions\OpaqueFunctions.cs)";   10;-1,4169;2|3 ;   0,9765 ;        0;   0,9765;        ∞
"Xpow2_Sin_1(C:\git_reps\summer_practice\opaque-func-lib\Kravtsov\src\OpaqueFunctions\OpaqueFunctions.cs)";   10;-1,4106;2|3 ;   0,9745 ;        0;   0,9745;        ∞
"Xpow2_Sin_1(C:\git_reps\summer_practice\opaque-func-lib\Kravtsov\src\OpaqueFunctions\OpaqueFunctions.cs)";   10;-1,4043;2|3 ;   0,9725 ;        0;   0,9725;        ∞
"Xpow2_Sin_1(C:\git_reps\summer_practice\opaque-func-lib\Kravtsov\src\OpaqueFunctions\OpaqueFunctions.cs)";   10; -1,398;2|3 ;   0,9704 ;        0;   0,9704;        ∞
"Xpow2_Sin_1(C:\git_reps\summer_practice\opaque-func-lib\Kravtsov\src\OpaqueFunctions\OpaqueFunctions.cs)";   10;-1,3917;2|3 ;   0,9683 ;        0;   0,9683;        ∞
"Xpow2_Sin_1(C:\git_reps\summer_practice\opaque-func-lib\Kravtsov\src\OpaqueFunctions\OpaqueFunctions.cs)";   10;-1,3854;2|3 ;    0,966 ;        0;    0,966;        ∞
"Xpow2_Sin_1(C:\git_reps\summer_practice\opaque-func-lib\Kravtsov\src\OpaqueFunctions\OpaqueFunctions.cs)";   10;-1,3792;2|3 ;   0,9637 ;        0;   0,9637;        ∞
"Xpow2_Sin_1(C:\git_reps\summer_practice\opaque-func-lib\Kravtsov\src\OpaqueFunctions\OpaqueFunctions.cs)";   10;-1,3729;2|3 ;   0,9613 ;        0;   0,9613;        ∞
"Xpow2_Sin_1(C:\git_reps\summer_practice\opaque-func-lib\Kravtsov\src\OpaqueFunctions\OpaqueFunctions.cs)";   10;-1,3666;2|3 ;   0,9589 ;        0;   0,9589;        ∞
"Xpow2_Sin_1(C:\git_reps\summer_practice\opaque-func-lib\Kravtsov\src\OpaqueFunctions\OpaqueFunctions.cs)";   10;-1,3603;2|3 ;   0,9563 ;        0;   0,9563;        ∞
"Xpow2_Sin_1(C:\git_reps\summer_practice\opaque-func-lib\Kravtsov\src\OpaqueFunctions\OpaqueFunctions.cs)";   10; -1,354;2|3 ;   0,9537 ;        0;   0,9537;        ∞
"Xpow2_Sin_1(C:\git_reps\summer_practice\opaque-func-lib\Kravtsov\src\OpaqueFunctions\OpaqueFunctions.cs)";   10;-1,3477;2|3 ;   0,9511 ;        0;   0,9511;        ∞
"Xpow2_Sin_1(C:\git_reps\summer_practice\opaque-func-lib\Kravtsov\src\OpaqueFunctions\OpaqueFunctions.cs)";   10;-1,3415;2|3 ;   0,9483 ;        0;   0,9483;        ∞
"Xpow2_Sin_1(C:\git_reps\summer_practice\opaque-func-lib\Kravtsov\src\OpaqueFunctions\OpaqueFunctions.cs)";   10;-1,3352;2|3 ;   0,9455 ;        0;   0,9455;        ∞
"Xpow2_Sin_1(C:\git_reps\summer_practice\opaque-func-lib\Kravtsov\src\OpaqueFunctions\OpaqueFunctions.cs)";   10;-1,3289;2|3 ;   0,9426 ;        0;   0,9426;        ∞
"Xpow2_Sin_1(C:\git_reps\summer_practice\opaque-func-lib\Kravtsov\src\OpaqueFunctions\OpaqueFunctions.cs)";   10;-1,3226;2|3 ;   0,9397 ;        0;   0,9397;        ∞
"Xpow2_Sin_1(C:\git_reps\summer_practice\opaque-func-lib\Kravtsov\src\OpaqueFunctions\OpaqueFunctions.cs)";   10;-1,3163;2|3 ;   0,9366 ;        0;   0,9366;        ∞
"Xpow2_Sin_1(C:\git_reps\summer_practice\opaque-func-lib\Kravtsov\src\OpaqueFunctions\OpaqueFunctions.cs)";   10;  -1,31;2|3 ;   0,9335 ;        0;   0,9335;        ∞
"Xpow2_Sin_1(C:\git_reps\summer_practice\opaque-func-lib\Kravtsov\src\OpaqueFunctions\OpaqueFunctions.cs)";   10;-1,3038;2|3 ;   0,9304 ;        0;   0,9304;        ∞
"Xpow2_Sin_1(C:\git_reps\summer_practice\opaque-func-lib\Kravtsov\src\OpaqueFunctions\OpaqueFunctions.cs)";   10;-1,2975;2|3 ;   0,9271 ;        0;   0,9271;        ∞
"Xpow2_Sin_1(C:\git_reps\summer_practice\opaque-func-lib\Kravtsov\src\OpaqueFunctions\OpaqueFunctions.cs)";   10;-1,2912;2|3 ;   0,9238 ;        0;   0,9238;        ∞
"Xpow2_Sin_1(C:\git_reps\summer_practice\opaque-func-lib\Kravtsov\src\OpaqueFunctions\OpaqueFunctions.cs)";   10;-1,2849;2|3 ;   0,9205 ;        0;   0,9205;        ∞
"Xpow2_Sin_1(C:\git_reps\summer_practice\opaque-func-lib\Kravtsov\src\OpaqueFunctions\OpaqueFunctions.cs)";   10;-1,2786;2|3 ;    0,917 ;        0;    0,917;        ∞
"Xpow2_Sin_1(C:\git_reps\summer_practice\opaque-func-lib\Kravtsov\src\OpaqueFunctions\OpaqueFunctions.cs)";   10;-1,2723;2|3 ;   0,9135 ;        0;   0,9135;        ∞
"Xpow2_Sin_1(C:\git_reps\summer_practice\opaque-func-lib\Kravtsov\src\OpaqueFunctions\OpaqueFunctions.cs)";   10;-1,2661;2|3 ;     0,91 ;        0;     0,91;        ∞
"Xpow2_Sin_1(C:\git_reps\summer_practice\opaque-func-lib\Kravtsov\src\OpaqueFunctions\OpaqueFunctions.cs)";   10;-1,2598;2|3 ;   0,9063 ;        0;   0,9063;        ∞
"Xpow2_Sin_1(C:\git_reps\summer_practice\opaque-func-lib\Kravtsov\src\OpaqueFunctions\OpaqueFunctions.cs)";   10;-1,2535;2|3 ;   0,9027 ;        0;   0,9027;        ∞
"Xpow2_Sin_1(C:\git_reps\summer_practice\opaque-func-lib\Kravtsov\src\OpaqueFunctions\OpaqueFunctions.cs)";   10;-1,2472;2|3 ;   0,8989 ;        0;   0,8989;        ∞
"Xpow2_Sin_1(C:\git_reps\summer_practice\opaque-func-lib\Kravtsov\src\OpaqueFunctions\OpaqueFunctions.cs)";   10;-1,2409;2|3 ;   0,8951 ;        0;   0,8951;        ∞
"Xpow2_Sin_1(C:\git_reps\summer_practice\opaque-func-lib\Kravtsov\src\OpaqueFunctions\OpaqueFunctions.cs)";   10;-1,2346;2|3 ;   0,8912 ;        0;   0,8912;        ∞
"Xpow2_Sin_1(C:\git_reps\summer_practice\opaque-func-lib\Kravtsov\src\OpaqueFunctions\OpaqueFunctions.cs)";   10;-1,2284;2|3 ;   0,8873 ;        0;   0,8873;        ∞
"Xpow2_Sin_1(C:\git_reps\summer_practice\opaque-func-lib\Kravtsov\src\OpaqueFunctions\OpaqueFunctions.cs)";   10;-1,2221;2|3 ;   0,8832 ;        0;   0,8832;        ∞
"Xpow2_Sin_1(C:\git_reps\summer_practice\opaque-func-lib\Kravtsov\src\OpaqueFunctions\OpaqueFunctions.cs)";   10;-1,2158;2|3 ;   0,8792 ;        0;   0,8792;        ∞
"Xpow2_Sin_1(C:\git_reps\summer_practice\opaque-func-lib\Kravtsov\src\OpaqueFunctions\OpaqueFunctions.cs)";   10;-1,2095;2|3 ;   0,8751 ;        0;   0,8751;        ∞
"Xpow2_Sin_1(C:\git_reps\summer_practice\opaque-func-lib\Kravtsov\src\OpaqueFunctions\OpaqueFunctions.cs)";   10;-1,2032;2|3 ;   0,8709 ;        0;   0,8709;        ∞
"Xpow2_Sin_1(C:\git_reps\summer_practice\opaque-func-lib\Kravtsov\src\OpaqueFunctions\OpaqueFunctions.cs)";   10;-1,1969;2|3 ;   0,8666 ;        0;   0,8666;        ∞
"Xpow2_Sin_1(C:\git_reps\summer_practice\opaque-func-lib\Kravtsov\src\OpaqueFunctions\OpaqueFunctions.cs)";   10;-1,1907;2|3 ;   0,8623 ;        0;   0,8623;        ∞
"Xpow2_Sin_1(C:\git_reps\summer_practice\opaque-func-lib\Kravtsov\src\OpaqueFunctions\OpaqueFunctions.cs)";   10;-1,1844;2|3 ;    0,858 ;        0;    0,858;        ∞
"Xpow2_Sin_1(C:\git_reps\summer_practice\opaque-func-lib\Kravtsov\src\OpaqueFunctions\OpaqueFunctions.cs)";   10;-1,1781;2|3 ;   0,8536 ;        0;   0,8536;        ∞
"Xpow2_Sin_1(C:\git_reps\summer_practice\opaque-func-lib\Kravtsov\src\OpaqueFunctions\OpaqueFunctions.cs)";   10;-1,1718;2|3 ;   0,8491 ;        0;   0,8491;        ∞
"Xpow2_Sin_1(C:\git_reps\summer_practice\opaque-func-lib\Kravtsov\src\OpaqueFunctions\OpaqueFunctions.cs)";   10;-1,1655;2|3 ;   0,8446 ;        0;   0,8446;        ∞
"Xpow2_Sin_1(C:\git_reps\summer_practice\opaque-func-lib\Kravtsov\src\OpaqueFunctions\OpaqueFunctions.cs)";   10;-1,1592;2|3 ;     0,84 ;        0;     0,84;        ∞
"Xpow2_Sin_1(C:\git_reps\summer_practice\opaque-func-lib\Kravtsov\src\OpaqueFunctions\OpaqueFunctions.cs)";   10; -1,153;2|3 ;   0,8353 ;        0;   0,8353;        ∞
"Xpow2_Sin_1(C:\git_reps\summer_practice\opaque-func-lib\Kravtsov\src\OpaqueFunctions\OpaqueFunctions.cs)";   10;-1,1467;2|3 ;   0,8307 ;        0;   0,8307;        ∞
"Xpow2_Sin_1(C:\git_reps\summer_practice\opaque-func-lib\Kravtsov\src\OpaqueFunctions\OpaqueFunctions.cs)";   10;-1,1404;2|3 ;   0,8259 ;        0;   0,8259;        ∞
"Xpow2_Sin_1(C:\git_reps\summer_practice\opaque-func-lib\Kravtsov\src\OpaqueFunctions\OpaqueFunctions.cs)";   10;-1,1341;2|3 ;   0,8211 ;        0;   0,8211;        ∞
"Xpow2_Sin_1(C:\git_reps\summer_practice\opaque-func-lib\Kravtsov\src\OpaqueFunctions\OpaqueFunctions.cs)";   10;-1,1278;2|3 ;   0,8163 ;        0;   0,8163;        ∞
"Xpow2_Sin_1(C:\git_reps\summer_practice\opaque-func-lib\Kravtsov\src\OpaqueFunctions\OpaqueFunctions.cs)";   10;-1,1215;2|3 ;   0,8114 ;        0;   0,8114;        ∞
"Xpow2_Sin_1(C:\git_reps\summer_practice\opaque-func-lib\Kravtsov\src\OpaqueFunctions\OpaqueFunctions.cs)";   10;-1,1153;2|3 ;   0,8065 ;        0;   0,8065;        ∞
"Xpow2_Sin_1(C:\git_reps\summer_practice\opaque-func-lib\Kravtsov\src\OpaqueFunctions\OpaqueFunctions.cs)";   10; -1,109;2|3 ;   0,8015 ;        0;   0,8015;        ∞
"Xpow2_Sin_1(C:\git_reps\summer_practice\opaque-func-lib\Kravtsov\src\OpaqueFunctions\OpaqueFunctions.cs)";   10;-1,1027;2|3 ;   0,7964 ;        0;   0,7964;        ∞
"Xpow2_Sin_1(C:\git_reps\summer_practice\opaque-func-lib\Kravtsov\src\OpaqueFunctions\OpaqueFunctions.cs)";   10;-1,0964;2|3 ;   0,7913 ;        0;   0,7913;        ∞
"Xpow2_Sin_1(C:\git_reps\summer_practice\opaque-func-lib\Kravtsov\src\OpaqueFunctions\OpaqueFunctions.cs)";   10;-1,0901;2|3 ;   0,7862 ;        0;   0,7862;        ∞
"Xpow2_Sin_1(C:\git_reps\summer_practice\opaque-func-lib\Kravtsov\src\OpaqueFunctions\OpaqueFunctions.cs)";   10;-1,0838;2|3 ;    0,781 ;        0;    0,781;        ∞
"Xpow2_Sin_1(C:\git_reps\summer_practice\opaque-func-lib\Kravtsov\src\OpaqueFunctions\OpaqueFunctions.cs)";   10;-1,0776;2|3 ;   0,7758 ;        0;   0,7758;        ∞
"Xpow2_Sin_1(C:\git_reps\summer_practice\opaque-func-lib\Kravtsov\src\OpaqueFunctions\OpaqueFunctions.cs)";   10;-1,0713;2|3 ;   0,7706 ;        0;   0,7706;        ∞
"Xpow2_Sin_1(C:\git_reps\summer_practice\opaque-func-lib\Kravtsov\src\OpaqueFunctions\OpaqueFunctions.cs)";   10; -1,065;2|3 ;   0,7653 ;        0;   0,7653;        ∞
"Xpow2_Sin_1(C:\git_reps\summer_practice\opaque-func-lib\Kravtsov\src\OpaqueFunctions\OpaqueFunctions.cs)";   10;-1,0587;2|3 ;   0,7599 ;        0;   0,7599;        ∞
"Xpow2_Sin_1(C:\git_reps\summer_practice\opaque-func-lib\Kravtsov\src\OpaqueFunctions\OpaqueFunctions.cs)";   10;-1,0524;2|3 ;   0,7545 ;        0;   0,7545;        ∞
"Xpow2_Sin_1(C:\git_reps\summer_practice\opaque-func-lib\Kravtsov\src\OpaqueFunctions\OpaqueFunctions.cs)";   10;-1,0462;2|3 ;   0,7491 ;        0;   0,7491;        ∞
"Xpow2_Sin_1(C:\git_reps\summer_practice\opaque-func-lib\Kravtsov\src\OpaqueFunctions\OpaqueFunctions.cs)";   10;-1,0399;2|3 ;   0,7436 ;        0;   0,7436;        ∞
"Xpow2_Sin_1(C:\git_reps\summer_practice\opaque-func-lib\Kravtsov\src\OpaqueFunctions\OpaqueFunctions.cs)";   10;-1,0336;2|3 ;   0,7381 ;        0;   0,7381;        ∞
"Xpow2_Sin_1(C:\git_reps\summer_practice\opaque-func-lib\Kravtsov\src\OpaqueFunctions\OpaqueFunctions.cs)";   10;-1,0273;2|3 ;   0,7326 ;        0;   0,7326;        ∞
"Xpow2_Sin_1(C:\git_reps\summer_practice\opaque-func-lib\Kravtsov\src\OpaqueFunctions\OpaqueFunctions.cs)";   10; -1,021;2|3 ;    0,727 ;        0;    0,727;        ∞
"Xpow2_Sin_1(C:\git_reps\summer_practice\opaque-func-lib\Kravtsov\src\OpaqueFunctions\OpaqueFunctions.cs)";   10;-1,0147;2|3 ;   0,7214 ;        0;   0,7214;        ∞
"Xpow2_Sin_1(C:\git_reps\summer_practice\opaque-func-lib\Kravtsov\src\OpaqueFunctions\OpaqueFunctions.cs)";   10;-1,0085;2|3 ;   0,7157 ;        0;   0,7157;        ∞
"Xpow2_Sin_1(C:\git_reps\summer_practice\opaque-func-lib\Kravtsov\src\OpaqueFunctions\OpaqueFunctions.cs)";   10;-1,0022;2|3 ;     0,71 ;        0;     0,71;        ∞
"Xpow2_Sin_1(C:\git_reps\summer_practice\opaque-func-lib\Kravtsov\src\OpaqueFunctions\OpaqueFunctions.cs)";   10;-0,99588;2|3 ;   0,7043 ;        0;   0,7043;        ∞
"Xpow2_Sin_1(C:\git_reps\summer_practice\opaque-func-lib\Kravtsov\src\OpaqueFunctions\OpaqueFunctions.cs)";   10;-0,9896;2|3 ;   0,6986 ;        0;   0,6986;        ∞
"Xpow2_Sin_1(C:\git_reps\summer_practice\opaque-func-lib\Kravtsov\src\OpaqueFunctions\OpaqueFunctions.cs)";   10;-0,98332;2|3 ;   0,6928 ;        0;   0,6928;        ∞
"Xpow2_Sin_1(C:\git_reps\summer_practice\opaque-func-lib\Kravtsov\src\OpaqueFunctions\OpaqueFunctions.cs)";   10;-0,97704;2|3 ;    0,687 ;        0;    0,687;        ∞
"Xpow2_Sin_1(C:\git_reps\summer_practice\opaque-func-lib\Kravtsov\src\OpaqueFunctions\OpaqueFunctions.cs)";   10;-0,97075;2|3 ;   0,6811 ;        0;   0,6811;        ∞
"Xpow2_Sin_1(C:\git_reps\summer_practice\opaque-func-lib\Kravtsov\src\OpaqueFunctions\OpaqueFunctions.cs)";   10;-0,96447;2|3 ;   0,6753 ;        0;   0,6753;        ∞
"Xpow2_Sin_1(C:\git_reps\summer_practice\opaque-func-lib\Kravtsov\src\OpaqueFunctions\OpaqueFunctions.cs)";   10;-0,95819;2|3 ;   0,6694 ;        0;   0,6694;        ∞
"Xpow2_Sin_1(C:\git_reps\summer_practice\opaque-func-lib\Kravtsov\src\OpaqueFunctions\OpaqueFunctions.cs)";   10;-0,9519;2|3 ;   0,6634 ;        0;   0,6634;        ∞
"Xpow2_Sin_1(C:\git_reps\summer_practice\opaque-func-lib\Kravtsov\src\OpaqueFunctions\OpaqueFunctions.cs)";   10;-0,94562;2|3 ;   0,6575 ;        0;   0,6575;        ∞
"Xpow2_Sin_1(C:\git_reps\summer_practice\opaque-func-lib\Kravtsov\src\OpaqueFunctions\OpaqueFunctions.cs)";   10;-0,93934;2|3 ;   0,6515 ;        0;   0,6515;        ∞
"Xpow2_Sin_1(C:\git_reps\summer_practice\opaque-func-lib\Kravtsov\src\OpaqueFunctions\OpaqueFunctions.cs)";   10;-0,93305;2|3 ;   0,6455 ;        0;   0,6455;        ∞
"Xpow2_Sin_1(C:\git_reps\summer_practice\opaque-func-lib\Kravtsov\src\OpaqueFunctions\OpaqueFunctions.cs)";   10;-0,92677;2|3 ;   0,6395 ;        0;   0,6395;        ∞
"Xpow2_Sin_1(C:\git_reps\summer_practice\opaque-func-lib\Kravtsov\src\OpaqueFunctions\OpaqueFunctions.cs)";   10;-0,92049;2|3 ;   0,6335 ;        0;   0,6335;        ∞
"Xpow2_Sin_1(C:\git_reps\summer_practice\opaque-func-lib\Kravtsov\src\OpaqueFunctions\OpaqueFunctions.cs)";   10;-0,9142;2|3 ;   0,6274 ;        0;   0,6274;        ∞
"Xpow2_Sin_1(C:\git_reps\summer_practice\opaque-func-lib\Kravtsov\src\OpaqueFunctions\OpaqueFunctions.cs)";   10;-0,90792;2|3 ;   0,6213 ;        0;   0,6213;        ∞
"Xpow2_Sin_1(C:\git_reps\summer_practice\opaque-func-lib\Kravtsov\src\OpaqueFunctions\OpaqueFunctions.cs)";   10;-0,90164;2|3 ;   0,6152 ;        0;   0,6152;        ∞
"Xpow2_Sin_1(C:\git_reps\summer_practice\opaque-func-lib\Kravtsov\src\OpaqueFunctions\OpaqueFunctions.cs)";   10;-0,89535;2|3 ;   0,6091 ;        0;   0,6091;        ∞
"Xpow2_Sin_1(C:\git_reps\summer_practice\opaque-func-lib\Kravtsov\src\OpaqueFunctions\OpaqueFunctions.cs)";   10;-0,88907;2|3 ;   0,6029 ;        0;   0,6029;        ∞
"Xpow2_Sin_1(C:\git_reps\summer_practice\opaque-func-lib\Kravtsov\src\OpaqueFunctions\OpaqueFunctions.cs)";   10;-0,88279;2|3 ;   0,5968 ;        0;   0,5968;        ∞
"Xpow2_Sin_1(C:\git_reps\summer_practice\opaque-func-lib\Kravtsov\src\OpaqueFunctions\OpaqueFunctions.cs)";   10;-0,8765;2|3 ;   0,5906 ;        0;   0,5906;        ∞
"Xpow2_Sin_1(C:\git_reps\summer_practice\opaque-func-lib\Kravtsov\src\OpaqueFunctions\OpaqueFunctions.cs)";   10;-0,87022;2|3 ;   0,5844 ;        0;   0,5844;        ∞
"Xpow2_Sin_1(C:\git_reps\summer_practice\opaque-func-lib\Kravtsov\src\OpaqueFunctions\OpaqueFunctions.cs)";   10;-0,86394;2|3 ;   0,5782 ;        0;   0,5782;        ∞
"Xpow2_Sin_1(C:\git_reps\summer_practice\opaque-func-lib\Kravtsov\src\OpaqueFunctions\OpaqueFunctions.cs)";   10;-0,85765;2|3 ;    0,572 ;        0;    0,572;        ∞
"Xpow2_Sin_1(C:\git_reps\summer_practice\opaque-func-lib\Kravtsov\src\OpaqueFunctions\OpaqueFunctions.cs)";   10;-0,85137;2|3 ;   0,5658 ;        0;   0,5658;        ∞
"Xpow2_Sin_1(C:\git_reps\summer_practice\opaque-func-lib\Kravtsov\src\OpaqueFunctions\OpaqueFunctions.cs)";   10;-0,84509;2|3 ;   0,5595 ;        0;   0,5595;        ∞
"Xpow2_Sin_1(C:\git_reps\summer_practice\opaque-func-lib\Kravtsov\src\OpaqueFunctions\OpaqueFunctions.cs)";   10;-0,83881;2|3 ;   0,5533 ;        0;   0,5533;        ∞
"Xpow2_Sin_1(C:\git_reps\summer_practice\opaque-func-lib\Kravtsov\src\OpaqueFunctions\OpaqueFunctions.cs)";   10;-0,83252;2|3 ;   0,5471 ;        0;   0,5471;        ∞
"Xpow2_Sin_1(C:\git_reps\summer_practice\opaque-func-lib\Kravtsov\src\OpaqueFunctions\OpaqueFunctions.cs)";   10;-0,82624;2|3 ;   0,5408 ;        0;   0,5408;        ∞
"Xpow2_Sin_1(C:\git_reps\summer_practice\opaque-func-lib\Kravtsov\src\OpaqueFunctions\OpaqueFunctions.cs)";   10;-0,81996;2|3 ;   0,5345 ;        0;   0,5345;        ∞
"Xpow2_Sin_1(C:\git_reps\summer_practice\opaque-func-lib\Kravtsov\src\OpaqueFunctions\OpaqueFunctions.cs)";   10;-0,81367;2|3 ;   0,5283 ;        0;   0,5283;        ∞
"Xpow2_Sin_1(C:\git_reps\summer_practice\opaque-func-lib\Kravtsov\src\OpaqueFunctions\OpaqueFunctions.cs)";   10;-0,80739;2|3 ;    0,522 ;        0;    0,522;        ∞
"Xpow2_Sin_1(C:\git_reps\summer_practice\opaque-func-lib\Kravtsov\src\OpaqueFunctions\OpaqueFunctions.cs)";   10;-0,80111;2|3 ;   0,5157 ;        0;   0,5157;        ∞
"Xpow2_Sin_1(C:\git_reps\summer_practice\opaque-func-lib\Kravtsov\src\OpaqueFunctions\OpaqueFunctions.cs)";   10;-0,79482;2|3 ;   0,5094 ;        0;   0,5094;        ∞
"Xpow2_Sin_1(C:\git_reps\summer_practice\opaque-func-lib\Kravtsov\src\OpaqueFunctions\OpaqueFunctions.cs)";   10;-0,78854;2|3 ;   0,5031 ;        0;   0,5031;        ∞
"Xpow2_Sin_1(C:\git_reps\summer_practice\opaque-func-lib\Kravtsov\src\OpaqueFunctions\OpaqueFunctions.cs)";   10;-0,78226;2|3 ;   0,4969 ;        0;   0,4969;        ∞
"Xpow2_Sin_1(C:\git_reps\summer_practice\opaque-func-lib\Kravtsov\src\OpaqueFunctions\OpaqueFunctions.cs)";   10;-0,77597;2|3 ;   0,4906 ;        0;   0,4906;        ∞
"Xpow2_Sin_1(C:\git_reps\summer_practice\opaque-func-lib\Kravtsov\src\OpaqueFunctions\OpaqueFunctions.cs)";   10;-0,76969;2|3 ;   0,4843 ;        0;   0,4843;        ∞
"Xpow2_Sin_1(C:\git_reps\summer_practice\opaque-func-lib\Kravtsov\src\OpaqueFunctions\OpaqueFunctions.cs)";   10;-0,76341;2|3 ;    0,478 ;        0;    0,478;        ∞
"Xpow2_Sin_1(C:\git_reps\summer_practice\opaque-func-lib\Kravtsov\src\OpaqueFunctions\OpaqueFunctions.cs)";   10;-0,75712;2|3 ;   0,4717 ;        0;   0,4717;        ∞
"Xpow2_Sin_1(C:\git_reps\summer_practice\opaque-func-lib\Kravtsov\src\OpaqueFunctions\OpaqueFunctions.cs)";   10;-0,75084;2|3 ;   0,4655 ;        0;   0,4655;        ∞
"Xpow2_Sin_1(C:\git_reps\summer_practice\opaque-func-lib\Kravtsov\src\OpaqueFunctions\OpaqueFunctions.cs)";   10;-0,74456;2|3 ;   0,4592 ;        0;   0,4592;        ∞
"Xpow2_Sin_1(C:\git_reps\summer_practice\opaque-func-lib\Kravtsov\src\OpaqueFunctions\OpaqueFunctions.cs)";   10;-0,73827;2|3 ;   0,4529 ;        0;   0,4529;        ∞
"Xpow2_Sin_1(C:\git_reps\summer_practice\opaque-func-lib\Kravtsov\src\OpaqueFunctions\OpaqueFunctions.cs)";   10;-0,73199;2|3 ;   0,4467 ;        0;   0,4467;        ∞
"Xpow2_Sin_1(C:\git_reps\summer_practice\opaque-func-lib\Kravtsov\src\OpaqueFunctions\OpaqueFunctions.cs)";   10;-0,72571;2|3 ;   0,4405 ;        0;   0,4405;        ∞
"Xpow2_Sin_1(C:\git_reps\summer_practice\opaque-func-lib\Kravtsov\src\OpaqueFunctions\OpaqueFunctions.cs)";   10;-0,71942;2|3 ;   0,4342 ;        0;   0,4342;        ∞
"Xpow2_Sin_1(C:\git_reps\summer_practice\opaque-func-lib\Kravtsov\src\OpaqueFunctions\OpaqueFunctions.cs)";   10;-0,71314;2|3 ;    0,428 ;        0;    0,428;        ∞
"Xpow2_Sin_1(C:\git_reps\summer_practice\opaque-func-lib\Kravtsov\src\OpaqueFunctions\OpaqueFunctions.cs)";   10;-0,70686;2|3 ;   0,4218 ;        0;   0,4218;        ∞
"Xpow2_Sin_1(C:\git_reps\summer_practice\opaque-func-lib\Kravtsov\src\OpaqueFunctions\OpaqueFunctions.cs)";   10;-0,70058;2|3 ;   0,4156 ;        0;   0,4156;        ∞
"Xpow2_Sin_1(C:\git_reps\summer_practice\opaque-func-lib\Kravtsov\src\OpaqueFunctions\OpaqueFunctions.cs)";   10;-0,69429;2|3 ;   0,4094 ;        0;   0,4094;        ∞
"Xpow2_Sin_1(C:\git_reps\summer_practice\opaque-func-lib\Kravtsov\src\OpaqueFunctions\OpaqueFunctions.cs)";   10;-0,68801;2|3 ;   0,4032 ;        0;   0,4032;        ∞
"Xpow2_Sin_1(C:\git_reps\summer_practice\opaque-func-lib\Kravtsov\src\OpaqueFunctions\OpaqueFunctions.cs)";   10;-0,68173;2|3 ;   0,3971 ;        0;   0,3971;        ∞
"Xpow2_Sin_1(C:\git_reps\summer_practice\opaque-func-lib\Kravtsov\src\OpaqueFunctions\OpaqueFunctions.cs)";   10;-0,67544;2|3 ;   0,3909 ;        0;   0,3909;        ∞
"Xpow2_Sin_1(C:\git_reps\summer_practice\opaque-func-lib\Kravtsov\src\OpaqueFunctions\OpaqueFunctions.cs)";   10;-0,66916;2|3 ;   0,3848 ;        0;   0,3848;        ∞
"Xpow2_Sin_1(C:\git_reps\summer_practice\opaque-func-lib\Kravtsov\src\OpaqueFunctions\OpaqueFunctions.cs)";   10;-0,66288;2|3 ;   0,3787 ;        0;   0,3787;        ∞
"Xpow2_Sin_1(C:\git_reps\summer_practice\opaque-func-lib\Kravtsov\src\OpaqueFunctions\OpaqueFunctions.cs)";   10;-0,65659;2|3 ;   0,3726 ;        0;   0,3726;        ∞
"Xpow2_Sin_1(C:\git_reps\summer_practice\opaque-func-lib\Kravtsov\src\OpaqueFunctions\OpaqueFunctions.cs)";   10;-0,65031;2|3 ;   0,3665 ;        0;   0,3665;        ∞
"Xpow2_Sin_1(C:\git_reps\summer_practice\opaque-func-lib\Kravtsov\src\OpaqueFunctions\OpaqueFunctions.cs)";   10;-0,64403;2|3 ;   0,3605 ;        0;   0,3605;        ∞
"Xpow2_Sin_1(C:\git_reps\summer_practice\opaque-func-lib\Kravtsov\src\OpaqueFunctions\OpaqueFunctions.cs)";   10;-0,63774;2|3 ;   0,3545 ;        0;   0,3545;        ∞
"Xpow2_Sin_1(C:\git_reps\summer_practice\opaque-func-lib\Kravtsov\src\OpaqueFunctions\OpaqueFunctions.cs)";   10;-0,63146;2|3 ;   0,3485 ;        0;   0,3485;        ∞
"Xpow2_Sin_1(C:\git_reps\summer_practice\opaque-func-lib\Kravtsov\src\OpaqueFunctions\OpaqueFunctions.cs)";   10;-0,62518;2|3 ;   0,3425 ;        0;   0,3425;        ∞
"Xpow2_Sin_1(C:\git_reps\summer_practice\opaque-func-lib\Kravtsov\src\OpaqueFunctions\OpaqueFunctions.cs)";   10;-0,61889;2|3 ;   0,3366 ;        0;   0,3366;        ∞
"Xpow2_Sin_1(C:\git_reps\summer_practice\opaque-func-lib\Kravtsov\src\OpaqueFunctions\OpaqueFunctions.cs)";   10;-0,61261;2|3 ;   0,3306 ;        0;   0,3306;        ∞
"Xpow2_Sin_1(C:\git_reps\summer_practice\opaque-func-lib\Kravtsov\src\OpaqueFunctions\OpaqueFunctions.cs)";   10;-0,60633;2|3 ;   0,3247 ;        0;   0,3247;        ∞
"Xpow2_Sin_1(C:\git_reps\summer_practice\opaque-func-lib\Kravtsov\src\OpaqueFunctions\OpaqueFunctions.cs)";   10;-0,60004;2|3 ;   0,3189 ;        0;   0,3189;        ∞
"Xpow2_Sin_1(C:\git_reps\summer_practice\opaque-func-lib\Kravtsov\src\OpaqueFunctions\OpaqueFunctions.cs)";   10;-0,59376;2|3 ;    0,313 ;        0;    0,313;        ∞
"Xpow2_Sin_1(C:\git_reps\summer_practice\opaque-func-lib\Kravtsov\src\OpaqueFunctions\OpaqueFunctions.cs)";   10;-0,58748;2|3 ;   0,3072 ;        0;   0,3072;        ∞
"Xpow2_Sin_1(C:\git_reps\summer_practice\opaque-func-lib\Kravtsov\src\OpaqueFunctions\OpaqueFunctions.cs)";   10;-0,58119;2|3 ;   0,3014 ;        0;   0,3014;        ∞
"Xpow2_Sin_1(C:\git_reps\summer_practice\opaque-func-lib\Kravtsov\src\OpaqueFunctions\OpaqueFunctions.cs)";   10;-0,57491;2|3 ;   0,2957 ;        0;   0,2957;        ∞
"Xpow2_Sin_1(C:\git_reps\summer_practice\opaque-func-lib\Kravtsov\src\OpaqueFunctions\OpaqueFunctions.cs)";   10;-0,56863;2|3 ;     0,29 ;        0;     0,29;        ∞
"Xpow2_Sin_1(C:\git_reps\summer_practice\opaque-func-lib\Kravtsov\src\OpaqueFunctions\OpaqueFunctions.cs)";   10;-0,56235;2|3 ;   0,2843 ;        0;   0,2843;        ∞
"Xpow2_Sin_1(C:\git_reps\summer_practice\opaque-func-lib\Kravtsov\src\OpaqueFunctions\OpaqueFunctions.cs)";   10;-0,55606;2|3 ;   0,2786 ;        0;   0,2786;        ∞
"Xpow2_Sin_1(C:\git_reps\summer_practice\opaque-func-lib\Kravtsov\src\OpaqueFunctions\OpaqueFunctions.cs)";   10;-0,54978;2|3 ;    0,273 ;        0;    0,273;        ∞
"Xpow2_Sin_1(C:\git_reps\summer_practice\opaque-func-lib\Kravtsov\src\OpaqueFunctions\OpaqueFunctions.cs)";   10;-0,5435;2|3 ;   0,2674 ;        0;   0,2674;        ∞
"Xpow2_Sin_1(C:\git_reps\summer_practice\opaque-func-lib\Kravtsov\src\OpaqueFunctions\OpaqueFunctions.cs)";   10;-0,53721;2|3 ;   0,2619 ;        0;   0,2619;        ∞
"Xpow2_Sin_1(C:\git_reps\summer_practice\opaque-func-lib\Kravtsov\src\OpaqueFunctions\OpaqueFunctions.cs)";   10;-0,53093;2|3 ;   0,2564 ;        0;   0,2564;        ∞
"Xpow2_Sin_1(C:\git_reps\summer_practice\opaque-func-lib\Kravtsov\src\OpaqueFunctions\OpaqueFunctions.cs)";   10;-0,52465;2|3 ;   0,2509 ;        0;   0,2509;        ∞
"Xpow2_Sin_1(C:\git_reps\summer_practice\opaque-func-lib\Kravtsov\src\OpaqueFunctions\OpaqueFunctions.cs)";   10;-0,51836;2|3 ;   0,2455 ;        0;   0,2455;        ∞
"Xpow2_Sin_1(C:\git_reps\summer_practice\opaque-func-lib\Kravtsov\src\OpaqueFunctions\OpaqueFunctions.cs)";   10;-0,51208;2|3 ;   0,2401 ;        0;   0,2401;        ∞
"Xpow2_Sin_1(C:\git_reps\summer_practice\opaque-func-lib\Kravtsov\src\OpaqueFunctions\OpaqueFunctions.cs)";   10;-0,5058;2|3 ;   0,2347 ;        0;   0,2347;        ∞
"Xpow2_Sin_1(C:\git_reps\summer_practice\opaque-func-lib\Kravtsov\src\OpaqueFunctions\OpaqueFunctions.cs)";   10;-0,49951;2|3 ;   0,2294 ;        0;   0,2294;        ∞
"Xpow2_Sin_1(C:\git_reps\summer_practice\opaque-func-lib\Kravtsov\src\OpaqueFunctions\OpaqueFunctions.cs)";   10;-0,49323;2|3 ;   0,2242 ;        0;   0,2242;        ∞
"Xpow2_Sin_1(C:\git_reps\summer_practice\opaque-func-lib\Kravtsov\src\OpaqueFunctions\OpaqueFunctions.cs)";   10;-0,48695;2|3 ;    0,219 ;        0;    0,219;        ∞
"Xpow2_Sin_1(C:\git_reps\summer_practice\opaque-func-lib\Kravtsov\src\OpaqueFunctions\OpaqueFunctions.cs)";   10;-0,48066;2|3 ;   0,2138 ;        0;   0,2138;        ∞
"Xpow2_Sin_1(C:\git_reps\summer_practice\opaque-func-lib\Kravtsov\src\OpaqueFunctions\OpaqueFunctions.cs)";   10;-0,47438;2|3 ;   0,2087 ;        0;   0,2087;        ∞
"Xpow2_Sin_1(C:\git_reps\summer_practice\opaque-func-lib\Kravtsov\src\OpaqueFunctions\OpaqueFunctions.cs)";   10;-0,4681;2|3 ;   0,2036 ;        0;   0,2036;        ∞
"Xpow2_Sin_1(C:\git_reps\summer_practice\opaque-func-lib\Kravtsov\src\OpaqueFunctions\OpaqueFunctions.cs)";   10;-0,46181;2|3 ;   0,1985 ;        0;   0,1985;        ∞
"Xpow2_Sin_1(C:\git_reps\summer_practice\opaque-func-lib\Kravtsov\src\OpaqueFunctions\OpaqueFunctions.cs)";   10;-0,45553;2|3 ;   0,1935 ;        0;   0,1935;        ∞
"Xpow2_Sin_1(C:\git_reps\summer_practice\opaque-func-lib\Kravtsov\src\OpaqueFunctions\OpaqueFunctions.cs)";   10;-0,44925;2|3 ;   0,1886 ;        0;   0,1886;        ∞
"Xpow2_Sin_1(C:\git_reps\summer_practice\opaque-func-lib\Kravtsov\src\OpaqueFunctions\OpaqueFunctions.cs)";   10;-0,44296;2|3 ;   0,1837 ;        0;   0,1837;        ∞
"Xpow2_Sin_1(C:\git_reps\summer_practice\opaque-func-lib\Kravtsov\src\OpaqueFunctions\OpaqueFunctions.cs)";   10;-0,43668;2|3 ;   0,1789 ;        0;   0,1789;        ∞
"Xpow2_Sin_1(C:\git_reps\summer_practice\opaque-func-lib\Kravtsov\src\OpaqueFunctions\OpaqueFunctions.cs)";   10;-0,4304;2|3 ;   0,1741 ;        0;   0,1741;        ∞
"Xpow2_Sin_1(C:\git_reps\summer_practice\opaque-func-lib\Kravtsov\src\OpaqueFunctions\OpaqueFunctions.cs)";   10;-0,42412;2|3 ;   0,1693 ;        0;   0,1693;        ∞
"Xpow2_Sin_1(C:\git_reps\summer_practice\opaque-func-lib\Kravtsov\src\OpaqueFunctions\OpaqueFunctions.cs)";   10;-0,41783;2|3 ;   0,1647 ;        0;   0,1647;        ∞
"Xpow2_Sin_1(C:\git_reps\summer_practice\opaque-func-lib\Kravtsov\src\OpaqueFunctions\OpaqueFunctions.cs)";   10;-0,41155;2|3 ;     0,16 ;        0;     0,16;        ∞
"Xpow2_Sin_1(C:\git_reps\summer_practice\opaque-func-lib\Kravtsov\src\OpaqueFunctions\OpaqueFunctions.cs)";   10;-0,40527;2|3 ;   0,1554 ;        0;   0,1554;        ∞
"Xpow2_Sin_1(C:\git_reps\summer_practice\opaque-func-lib\Kravtsov\src\OpaqueFunctions\OpaqueFunctions.cs)";   10;-0,39898;2|3 ;   0,1509 ;        0;   0,1509;        ∞
"Xpow2_Sin_1(C:\git_reps\summer_practice\opaque-func-lib\Kravtsov\src\OpaqueFunctions\OpaqueFunctions.cs)";   10;-0,3927;2|3 ;   0,1464 ;        0;   0,1464;        ∞
"Xpow2_Sin_1(C:\git_reps\summer_practice\opaque-func-lib\Kravtsov\src\OpaqueFunctions\OpaqueFunctions.cs)";   10;-0,38642;2|3 ;    0,142 ;        0;    0,142;        ∞
"Xpow2_Sin_1(C:\git_reps\summer_practice\opaque-func-lib\Kravtsov\src\OpaqueFunctions\OpaqueFunctions.cs)";   10;-0,38013;2|3 ;   0,1377 ;        0;   0,1377;        ∞
"Xpow2_Sin_1(C:\git_reps\summer_practice\opaque-func-lib\Kravtsov\src\OpaqueFunctions\OpaqueFunctions.cs)";   10;-0,37385;2|3 ;   0,1334 ;        0;   0,1334;        ∞
"Xpow2_Sin_1(C:\git_reps\summer_practice\opaque-func-lib\Kravtsov\src\OpaqueFunctions\OpaqueFunctions.cs)";   10;-0,36757;2|3 ;   0,1291 ;        0;   0,1291;        ∞
"Xpow2_Sin_1(C:\git_reps\summer_practice\opaque-func-lib\Kravtsov\src\OpaqueFunctions\OpaqueFunctions.cs)";   10;-0,36128;2|3 ;   0,1249 ;        0;   0,1249;        ∞
"Xpow2_Sin_1(C:\git_reps\summer_practice\opaque-func-lib\Kravtsov\src\OpaqueFunctions\OpaqueFunctions.cs)";   10; -0,355;2|3 ;   0,1208 ;        0;   0,1208;        ∞
"Xpow2_Sin_1(C:\git_reps\summer_practice\opaque-func-lib\Kravtsov\src\OpaqueFunctions\OpaqueFunctions.cs)";   10;-0,34872;2|3 ;   0,1168 ;        0;   0,1168;        ∞
"Xpow2_Sin_1(C:\git_reps\summer_practice\opaque-func-lib\Kravtsov\src\OpaqueFunctions\OpaqueFunctions.cs)";   10;-0,34243;2|3 ;   0,1127 ;        0;   0,1127;        ∞
"Xpow2_Sin_1(C:\git_reps\summer_practice\opaque-func-lib\Kravtsov\src\OpaqueFunctions\OpaqueFunctions.cs)";   10;-0,33615;2|3 ;   0,1088 ;        0;   0,1088;        ∞
"Xpow2_Sin_1(C:\git_reps\summer_practice\opaque-func-lib\Kravtsov\src\OpaqueFunctions\OpaqueFunctions.cs)";   10;-0,32987;2|3 ;   0,1049 ;        0;   0,1049;        ∞
"Xpow2_Sin_1(C:\git_reps\summer_practice\opaque-func-lib\Kravtsov\src\OpaqueFunctions\OpaqueFunctions.cs)";   10;-0,32358;2|3 ;   0,1011 ;        0;   0,1011;        ∞
"Xpow2_Sin_1(C:\git_reps\summer_practice\opaque-func-lib\Kravtsov\src\OpaqueFunctions\OpaqueFunctions.cs)";   10;-0,3173;2|3 ;  0,09735 ;        0;  0,09735;        ∞
"Xpow2_Sin_1(C:\git_reps\summer_practice\opaque-func-lib\Kravtsov\src\OpaqueFunctions\OpaqueFunctions.cs)";   10;-0,31102;2|3 ;  0,09365 ;        0;  0,09365;        ∞
"Xpow2_Sin_1(C:\git_reps\summer_practice\opaque-func-lib\Kravtsov\src\OpaqueFunctions\OpaqueFunctions.cs)";   10;-0,30473;2|3 ;  0,09002 ;        0;  0,09002;        ∞
"Xpow2_Sin_1(C:\git_reps\summer_practice\opaque-func-lib\Kravtsov\src\OpaqueFunctions\OpaqueFunctions.cs)";   10;-0,29845;2|3 ;  0,08646 ;        0;  0,08646;        ∞
"Xpow2_Sin_1(C:\git_reps\summer_practice\opaque-func-lib\Kravtsov\src\OpaqueFunctions\OpaqueFunctions.cs)";   10;-0,29217;2|3 ;  0,08296 ;        0;  0,08296;        ∞
"Xpow2_Sin_1(C:\git_reps\summer_practice\opaque-func-lib\Kravtsov\src\OpaqueFunctions\OpaqueFunctions.cs)";   10;-0,28588;2|3 ;  0,07953 ;        0;  0,07953;        ∞
"Xpow2_Sin_1(C:\git_reps\summer_practice\opaque-func-lib\Kravtsov\src\OpaqueFunctions\OpaqueFunctions.cs)";   10;-0,2796;2|3 ;  0,07616 ;        0;  0,07616;        ∞
"Xpow2_Sin_1(C:\git_reps\summer_practice\opaque-func-lib\Kravtsov\src\OpaqueFunctions\OpaqueFunctions.cs)";   10;-0,27332;2|3 ;  0,07286 ;        0;  0,07286;        ∞
"Xpow2_Sin_1(C:\git_reps\summer_practice\opaque-func-lib\Kravtsov\src\OpaqueFunctions\OpaqueFunctions.cs)";   10;-0,26704;2|3 ;  0,06963 ;        0;  0,06963;        ∞
"Xpow2_Sin_1(C:\git_reps\summer_practice\opaque-func-lib\Kravtsov\src\OpaqueFunctions\OpaqueFunctions.cs)";   10;-0,26075;2|3 ;  0,06646 ;        0;  0,06646;        ∞
"Xpow2_Sin_1(C:\git_reps\summer_practice\opaque-func-lib\Kravtsov\src\OpaqueFunctions\OpaqueFunctions.cs)";   10;-0,25447;2|3 ;  0,06337 ;        0;  0,06337;        ∞
"Xpow2_Sin_1(C:\git_reps\summer_practice\opaque-func-lib\Kravtsov\src\OpaqueFunctions\OpaqueFunctions.cs)";   10;-0,24819;2|3 ;  0,06034 ;        0;  0,06034;        ∞
"Xpow2_Sin_1(C:\git_reps\summer_practice\opaque-func-lib\Kravtsov\src\OpaqueFunctions\OpaqueFunctions.cs)";   10;-0,2419;2|3 ;  0,05738 ;        0;  0,05738;        ∞
"Xpow2_Sin_1(C:\git_reps\summer_practice\opaque-func-lib\Kravtsov\src\OpaqueFunctions\OpaqueFunctions.cs)";   10;-0,23562;2|3 ;   0,0545 ;        0;   0,0545;        ∞
"Xpow2_Sin_1(C:\git_reps\summer_practice\opaque-func-lib\Kravtsov\src\OpaqueFunctions\OpaqueFunctions.cs)";   10;-0,22934;2|3 ;  0,05168 ;        0;  0,05168;        ∞
"Xpow2_Sin_1(C:\git_reps\summer_practice\opaque-func-lib\Kravtsov\src\OpaqueFunctions\OpaqueFunctions.cs)";   10;-0,22305;2|3 ;  0,04893 ;        0;  0,04893;        ∞
"Xpow2_Sin_1(C:\git_reps\summer_practice\opaque-func-lib\Kravtsov\src\OpaqueFunctions\OpaqueFunctions.cs)";   10;-0,21677;2|3 ;  0,04626 ;        0;  0,04626;        ∞
"Xpow2_Sin_1(C:\git_reps\summer_practice\opaque-func-lib\Kravtsov\src\OpaqueFunctions\OpaqueFunctions.cs)";   10;-0,21049;2|3 ;  0,04365 ;        0;  0,04365;        ∞
"Xpow2_Sin_1(C:\git_reps\summer_practice\opaque-func-lib\Kravtsov\src\OpaqueFunctions\OpaqueFunctions.cs)";   10;-0,2042;2|3 ;  0,04112 ;        0;  0,04112;        ∞
"Xpow2_Sin_1(C:\git_reps\summer_practice\opaque-func-lib\Kravtsov\src\OpaqueFunctions\OpaqueFunctions.cs)";   10;-0,19792;2|3 ;  0,03866 ;        0;  0,03866;        ∞
"Xpow2_Sin_1(C:\git_reps\summer_practice\opaque-func-lib\Kravtsov\src\OpaqueFunctions\OpaqueFunctions.cs)";   10;-0,19164;2|3 ;  0,03628 ;        0;  0,03628;        ∞
"Xpow2_Sin_1(C:\git_reps\summer_practice\opaque-func-lib\Kravtsov\src\OpaqueFunctions\OpaqueFunctions.cs)";   10;-0,18535;2|3 ;  0,03396 ;        0;  0,03396;        ∞
"Xpow2_Sin_1(C:\git_reps\summer_practice\opaque-func-lib\Kravtsov\src\OpaqueFunctions\OpaqueFunctions.cs)";   10;-0,17907;2|3 ;  0,03173 ;        0;  0,03173;        ∞
"Xpow2_Sin_1(C:\git_reps\summer_practice\opaque-func-lib\Kravtsov\src\OpaqueFunctions\OpaqueFunctions.cs)";   10;-0,17279;2|3 ;  0,02956 ;        0;  0,02956;        ∞
"Xpow2_Sin_1(C:\git_reps\summer_practice\opaque-func-lib\Kravtsov\src\OpaqueFunctions\OpaqueFunctions.cs)";   10;-0,1665;2|3 ;  0,02747 ;        0;  0,02747;        ∞
"Xpow2_Sin_1(C:\git_reps\summer_practice\opaque-func-lib\Kravtsov\src\OpaqueFunctions\OpaqueFunctions.cs)";   10;-0,16022;2|3 ;  0,02545 ;        0;  0,02545;        ∞
"Xpow2_Sin_1(C:\git_reps\summer_practice\opaque-func-lib\Kravtsov\src\OpaqueFunctions\OpaqueFunctions.cs)";   10;-0,15394;2|3 ;  0,02351 ;        0;  0,02351;        ∞
"Xpow2_Sin_1(C:\git_reps\summer_practice\opaque-func-lib\Kravtsov\src\OpaqueFunctions\OpaqueFunctions.cs)";   10;-0,14765;2|3 ;  0,02164 ;        0;  0,02164;        ∞
"Xpow2_Sin_1(C:\git_reps\summer_practice\opaque-func-lib\Kravtsov\src\OpaqueFunctions\OpaqueFunctions.cs)";   10;-0,14137;2|3 ;  0,01985 ;        0;  0,01985;        ∞
"Xpow2_Sin_1(C:\git_reps\summer_practice\opaque-func-lib\Kravtsov\src\OpaqueFunctions\OpaqueFunctions.cs)";   10;-0,13509;2|3 ;  0,01814 ;        0;  0,01814;        ∞
"Xpow2_Sin_1(C:\git_reps\summer_practice\opaque-func-lib\Kravtsov\src\OpaqueFunctions\OpaqueFunctions.cs)";   10;-0,12881;2|3 ;   0,0165 ;        0;   0,0165;        ∞
"Xpow2_Sin_1(C:\git_reps\summer_practice\opaque-func-lib\Kravtsov\src\OpaqueFunctions\OpaqueFunctions.cs)";   10;-0,12252;2|3 ;  0,01494 ;        0;  0,01494;        ∞
"Xpow2_Sin_1(C:\git_reps\summer_practice\opaque-func-lib\Kravtsov\src\OpaqueFunctions\OpaqueFunctions.cs)";   10;-0,11624;2|3 ;  0,01345 ;        0;  0,01345;        ∞
"Xpow2_Sin_1(C:\git_reps\summer_practice\opaque-func-lib\Kravtsov\src\OpaqueFunctions\OpaqueFunctions.cs)";   10;-0,10996;2|3 ;  0,01204 ;        0;  0,01204;        ∞
"Xpow2_Sin_1(C:\git_reps\summer_practice\opaque-func-lib\Kravtsov\src\OpaqueFunctions\OpaqueFunctions.cs)";   10;-0,10367;2|3 ;  0,01071 ;        0;  0,01071;        ∞
"Xpow2_Sin_1(C:\git_reps\summer_practice\opaque-func-lib\Kravtsov\src\OpaqueFunctions\OpaqueFunctions.cs)";   10;-0,097389;2|3 ; 0,009455 ;        0; 0,009455;        ∞
"Xpow2_Sin_1(C:\git_reps\summer_practice\opaque-func-lib\Kravtsov\src\OpaqueFunctions\OpaqueFunctions.cs)";   10;-0,091106;2|3 ; 0,008277 ;        0; 0,008277;        ∞
"Xpow2_Sin_1(C:\git_reps\summer_practice\opaque-func-lib\Kravtsov\src\OpaqueFunctions\OpaqueFunctions.cs)";   10;-0,084823;2|3 ; 0,007178 ;        0; 0,007178;        ∞
"Xpow2_Sin_1(C:\git_reps\summer_practice\opaque-func-lib\Kravtsov\src\OpaqueFunctions\OpaqueFunctions.cs)";   10;-0,07854;2|3 ; 0,006156 ;        0; 0,006156;        ∞
"Xpow2_Sin_1(C:\git_reps\summer_practice\opaque-func-lib\Kravtsov\src\OpaqueFunctions\OpaqueFunctions.cs)";   10;-0,072257;2|3 ; 0,005212 ;        0; 0,005212;        ∞
"Xpow2_Sin_1(C:\git_reps\summer_practice\opaque-func-lib\Kravtsov\src\OpaqueFunctions\OpaqueFunctions.cs)";   10;-0,065973;2|3 ; 0,004346 ;        0; 0,004346;        ∞
"Xpow2_Sin_1(C:\git_reps\summer_practice\opaque-func-lib\Kravtsov\src\OpaqueFunctions\OpaqueFunctions.cs)";   10;-0,05969;2|3 ; 0,003559 ;        0; 0,003559;        ∞
"Xpow2_Sin_1(C:\git_reps\summer_practice\opaque-func-lib\Kravtsov\src\OpaqueFunctions\OpaqueFunctions.cs)";   10;-0,053407;2|3 ;  0,00285 ;        0;  0,00285;        ∞
"Xpow2_Sin_1(C:\git_reps\summer_practice\opaque-func-lib\Kravtsov\src\OpaqueFunctions\OpaqueFunctions.cs)";   10;-0,047124;2|3 ; 0,002219 ;        0; 0,002219;        ∞
"Xpow2_Sin_1(C:\git_reps\summer_practice\opaque-func-lib\Kravtsov\src\OpaqueFunctions\OpaqueFunctions.cs)";   10;-0,040841;2|3 ; 0,001667 ;        0; 0,001667;        ∞
"Xpow2_Sin_1(C:\git_reps\summer_practice\opaque-func-lib\Kravtsov\src\OpaqueFunctions\OpaqueFunctions.cs)";   10;-0,034558;2|3 ; 0,001194 ;        0; 0,001194;        ∞
"Xpow2_Sin_1(C:\git_reps\summer_practice\opaque-func-lib\Kravtsov\src\OpaqueFunctions\OpaqueFunctions.cs)";   10;-0,028274;2|3 ;0,0007992 ;        0;0,0007992;        ∞
"Xpow2_Sin_1(C:\git_reps\summer_practice\opaque-func-lib\Kravtsov\src\OpaqueFunctions\OpaqueFunctions.cs)";   10;-0,021991;2|3 ;0,0004835 ;        0;0,0004835;        ∞
"Xpow2_Sin_1(C:\git_reps\summer_practice\opaque-func-lib\Kravtsov\src\OpaqueFunctions\OpaqueFunctions.cs)";   10;-0,015708;2|3 ;0,0002467 ;        0;0,0002467;        ∞
"Xpow2_Sin_1(C:\git_reps\summer_practice\opaque-func-lib\Kravtsov\src\OpaqueFunctions\OpaqueFunctions.cs)";   10;-0,0094248;2|3 ;8,882E-05 ;        0;8,882E-05;        ∞
"Xpow2_Sin_1(C:\git_reps\summer_practice\opaque-func-lib\Kravtsov\src\OpaqueFunctions\OpaqueFunctions.cs)";   10;-0,0031416;2|3 ; 9,87E-06 ;        0; 9,87E-06;        ∞
"Xpow2_Sin_1(C:\git_reps\summer_practice\opaque-func-lib\Kravtsov\src\OpaqueFunctions\OpaqueFunctions.cs)";   10;0,0031416;2|3 ; 9,87E-06 ;        0; 9,87E-06;        ∞
"Xpow2_Sin_1(C:\git_reps\summer_practice\opaque-func-lib\Kravtsov\src\OpaqueFunctions\OpaqueFunctions.cs)";   10;0,0094248;2|3 ;8,882E-05 ;        0;8,882E-05;        ∞
"Xpow2_Sin_1(C:\git_reps\summer_practice\opaque-func-lib\Kravtsov\src\OpaqueFunctions\OpaqueFunctions.cs)";   10;0,015708;2|3 ;0,0002467 ;        0;0,0002467;        ∞
"Xpow2_Sin_1(C:\git_reps\summer_practice\opaque-func-lib\Kravtsov\src\OpaqueFunctions\OpaqueFunctions.cs)";   10;0,021991;2|3 ;0,0004835 ;        0;0,0004835;        ∞
"Xpow2_Sin_1(C:\git_reps\summer_practice\opaque-func-lib\Kravtsov\src\OpaqueFunctions\OpaqueFunctions.cs)";   10;0,028274;2|3 ;0,0007992 ;        0;0,0007992;        ∞
"Xpow2_Sin_1(C:\git_reps\summer_practice\opaque-func-lib\Kravtsov\src\OpaqueFunctions\OpaqueFunctions.cs)";   10;0,034558;2|3 ; 0,001194 ;        0; 0,001194;        ∞
"Xpow2_Sin_1(C:\git_reps\summer_practice\opaque-func-lib\Kravtsov\src\OpaqueFunctions\OpaqueFunctions.cs)";   10;0,040841;2|3 ; 0,001667 ;        0; 0,001667;        ∞
"Xpow2_Sin_1(C:\git_reps\summer_practice\opaque-func-lib\Kravtsov\src\OpaqueFunctions\OpaqueFunctions.cs)";   10;0,047124;2|3 ; 0,002219 ;        0; 0,002219;        ∞
"Xpow2_Sin_1(C:\git_reps\summer_practice\opaque-func-lib\Kravtsov\src\OpaqueFunctions\OpaqueFunctions.cs)";   10;0,053407;2|3 ;  0,00285 ;        0;  0,00285;        ∞
"Xpow2_Sin_1(C:\git_reps\summer_practice\opaque-func-lib\Kravtsov\src\OpaqueFunctions\OpaqueFunctions.cs)";   10;0,05969;2|3 ; 0,003559 ;        0; 0,003559;        ∞
"Xpow2_Sin_1(C:\git_reps\summer_practice\opaque-func-lib\Kravtsov\src\OpaqueFunctions\OpaqueFunctions.cs)";   10;0,065973;2|3 ; 0,004346 ;        0; 0,004346;        ∞
"Xpow2_Sin_1(C:\git_reps\summer_practice\opaque-func-lib\Kravtsov\src\OpaqueFunctions\OpaqueFunctions.cs)";   10;0,072257;2|3 ; 0,005212 ;        0; 0,005212;        ∞
"Xpow2_Sin_1(C:\git_reps\summer_practice\opaque-func-lib\Kravtsov\src\OpaqueFunctions\OpaqueFunctions.cs)";   10;0,07854;2|3 ; 0,006156 ;        0; 0,006156;        ∞
"Xpow2_Sin_1(C:\git_reps\summer_practice\opaque-func-lib\Kravtsov\src\OpaqueFunctions\OpaqueFunctions.cs)";   10;0,084823;2|3 ; 0,007178 ;        0; 0,007178;        ∞
"Xpow2_Sin_1(C:\git_reps\summer_practice\opaque-func-lib\Kravtsov\src\OpaqueFunctions\OpaqueFunctions.cs)";   10;0,091106;2|3 ; 0,008277 ;        0; 0,008277;        ∞
"Xpow2_Sin_1(C:\git_reps\summer_practice\opaque-func-lib\Kravtsov\src\OpaqueFunctions\OpaqueFunctions.cs)";   10;0,097389;2|3 ; 0,009455 ;        0; 0,009455;        ∞
"Xpow2_Sin_1(C:\git_reps\summer_practice\opaque-func-lib\Kravtsov\src\OpaqueFunctions\OpaqueFunctions.cs)";   10;0,10367;2|3 ;  0,01071 ;        0;  0,01071;        ∞
"Xpow2_Sin_1(C:\git_reps\summer_practice\opaque-func-lib\Kravtsov\src\OpaqueFunctions\OpaqueFunctions.cs)";   10;0,10996;2|3 ;  0,01204 ;        0;  0,01204;        ∞
"Xpow2_Sin_1(C:\git_reps\summer_practice\opaque-func-lib\Kravtsov\src\OpaqueFunctions\OpaqueFunctions.cs)";   10;0,11624;2|3 ;  0,01345 ;        0;  0,01345;        ∞
"Xpow2_Sin_1(C:\git_reps\summer_practice\opaque-func-lib\Kravtsov\src\OpaqueFunctions\OpaqueFunctions.cs)";   10;0,12252;2|3 ;  0,01494 ;        0;  0,01494;        ∞
"Xpow2_Sin_1(C:\git_reps\summer_practice\opaque-func-lib\Kravtsov\src\OpaqueFunctions\OpaqueFunctions.cs)";   10;0,12881;2|3 ;   0,0165 ;        0;   0,0165;        ∞
"Xpow2_Sin_1(C:\git_reps\summer_practice\opaque-func-lib\Kravtsov\src\OpaqueFunctions\OpaqueFunctions.cs)";   10;0,13509;2|3 ;  0,01814 ;        0;  0,01814;        ∞
"Xpow2_Sin_1(C:\git_reps\summer_practice\opaque-func-lib\Kravtsov\src\OpaqueFunctions\OpaqueFunctions.cs)";   10;0,14137;2|3 ;  0,01985 ;        0;  0,01985;        ∞
"Xpow2_Sin_1(C:\git_reps\summer_practice\opaque-func-lib\Kravtsov\src\OpaqueFunctions\OpaqueFunctions.cs)";   10;0,14765;2|3 ;  0,02164 ;        0;  0,02164;        ∞
"Xpow2_Sin_1(C:\git_reps\summer_practice\opaque-func-lib\Kravtsov\src\OpaqueFunctions\OpaqueFunctions.cs)";   10;0,15394;2|3 ;  0,02351 ;        0;  0,02351;        ∞
"Xpow2_Sin_1(C:\git_reps\summer_practice\opaque-func-lib\Kravtsov\src\OpaqueFunctions\OpaqueFunctions.cs)";   10;0,16022;2|3 ;  0,02545 ;        0;  0,02545;        ∞
"Xpow2_Sin_1(C:\git_reps\summer_practice\opaque-func-lib\Kravtsov\src\OpaqueFunctions\OpaqueFunctions.cs)";   10; 0,1665;2|3 ;  0,02747 ;        0;  0,02747;        ∞
"Xpow2_Sin_1(C:\git_reps\summer_practice\opaque-func-lib\Kravtsov\src\OpaqueFunctions\OpaqueFunctions.cs)";   10;0,17279;2|3 ;  0,02956 ;        0;  0,02956;        ∞
"Xpow2_Sin_1(C:\git_reps\summer_practice\opaque-func-lib\Kravtsov\src\OpaqueFunctions\OpaqueFunctions.cs)";   10;0,17907;2|3 ;  0,03173 ;        0;  0,03173;        ∞
"Xpow2_Sin_1(C:\git_reps\summer_practice\opaque-func-lib\Kravtsov\src\OpaqueFunctions\OpaqueFunctions.cs)";   10;0,18535;2|3 ;  0,03396 ;        0;  0,03396;        ∞
"Xpow2_Sin_1(C:\git_reps\summer_practice\opaque-func-lib\Kravtsov\src\OpaqueFunctions\OpaqueFunctions.cs)";   10;0,19164;2|3 ;  0,03628 ;        0;  0,03628;        ∞
"Xpow2_Sin_1(C:\git_reps\summer_practice\opaque-func-lib\Kravtsov\src\OpaqueFunctions\OpaqueFunctions.cs)";   10;0,19792;2|3 ;  0,03866 ;        0;  0,03866;        ∞
"Xpow2_Sin_1(C:\git_reps\summer_practice\opaque-func-lib\Kravtsov\src\OpaqueFunctions\OpaqueFunctions.cs)";   10; 0,2042;2|3 ;  0,04112 ;        0;  0,04112;        ∞
"Xpow2_Sin_1(C:\git_reps\summer_practice\opaque-func-lib\Kravtsov\src\OpaqueFunctions\OpaqueFunctions.cs)";   10;0,21049;2|3 ;  0,04365 ;        0;  0,04365;        ∞
"Xpow2_Sin_1(C:\git_reps\summer_practice\opaque-func-lib\Kravtsov\src\OpaqueFunctions\OpaqueFunctions.cs)";   10;0,21677;2|3 ;  0,04626 ;        0;  0,04626;        ∞
"Xpow2_Sin_1(C:\git_reps\summer_practice\opaque-func-lib\Kravtsov\src\OpaqueFunctions\OpaqueFunctions.cs)";   10;0,22305;2|3 ;  0,04893 ;        0;  0,04893;        ∞
"Xpow2_Sin_1(C:\git_reps\summer_practice\opaque-func-lib\Kravtsov\src\OpaqueFunctions\OpaqueFunctions.cs)";   10;0,22934;2|3 ;  0,05168 ;        0;  0,05168;        ∞
"Xpow2_Sin_1(C:\git_reps\summer_practice\opaque-func-lib\Kravtsov\src\OpaqueFunctions\OpaqueFunctions.cs)";   10;0,23562;2|3 ;   0,0545 ;        0;   0,0545;        ∞
"Xpow2_Sin_1(C:\git_reps\summer_practice\opaque-func-lib\Kravtsov\src\OpaqueFunctions\OpaqueFunctions.cs)";   10; 0,2419;2|3 ;  0,05738 ;        0;  0,05738;        ∞
"Xpow2_Sin_1(C:\git_reps\summer_practice\opaque-func-lib\Kravtsov\src\OpaqueFunctions\OpaqueFunctions.cs)";   10;0,24819;2|3 ;  0,06034 ;        0;  0,06034;        ∞
"Xpow2_Sin_1(C:\git_reps\summer_practice\opaque-func-lib\Kravtsov\src\OpaqueFunctions\OpaqueFunctions.cs)";   10;0,25447;2|3 ;  0,06337 ;        0;  0,06337;        ∞
"Xpow2_Sin_1(C:\git_reps\summer_practice\opaque-func-lib\Kravtsov\src\OpaqueFunctions\OpaqueFunctions.cs)";   10;0,26075;2|3 ;  0,06646 ;        0;  0,06646;        ∞
"Xpow2_Sin_1(C:\git_reps\summer_practice\opaque-func-lib\Kravtsov\src\OpaqueFunctions\OpaqueFunctions.cs)";   10;0,26704;2|3 ;  0,06963 ;        0;  0,06963;        ∞
"Xpow2_Sin_1(C:\git_reps\summer_practice\opaque-func-lib\Kravtsov\src\OpaqueFunctions\OpaqueFunctions.cs)";   10;0,27332;2|3 ;  0,07286 ;        0;  0,07286;        ∞
"Xpow2_Sin_1(C:\git_reps\summer_practice\opaque-func-lib\Kravtsov\src\OpaqueFunctions\OpaqueFunctions.cs)";   10; 0,2796;2|3 ;  0,07616 ;        0;  0,07616;        ∞
"Xpow2_Sin_1(C:\git_reps\summer_practice\opaque-func-lib\Kravtsov\src\OpaqueFunctions\OpaqueFunctions.cs)";   10;0,28588;2|3 ;  0,07953 ;        0;  0,07953;        ∞
"Xpow2_Sin_1(C:\git_reps\summer_practice\opaque-func-lib\Kravtsov\src\OpaqueFunctions\OpaqueFunctions.cs)";   10;0,29217;2|3 ;  0,08296 ;        0;  0,08296;        ∞
"Xpow2_Sin_1(C:\git_reps\summer_practice\opaque-func-lib\Kravtsov\src\OpaqueFunctions\OpaqueFunctions.cs)";   10;0,29845;2|3 ;  0,08646 ;        0;  0,08646;        ∞
"Xpow2_Sin_1(C:\git_reps\summer_practice\opaque-func-lib\Kravtsov\src\OpaqueFunctions\OpaqueFunctions.cs)";   10;0,30473;2|3 ;  0,09002 ;        0;  0,09002;        ∞
"Xpow2_Sin_1(C:\git_reps\summer_practice\opaque-func-lib\Kravtsov\src\OpaqueFunctions\OpaqueFunctions.cs)";   10;0,31102;2|3 ;  0,09365 ;        0;  0,09365;        ∞
"Xpow2_Sin_1(C:\git_reps\summer_practice\opaque-func-lib\Kravtsov\src\OpaqueFunctions\OpaqueFunctions.cs)";   10; 0,3173;2|3 ;  0,09735 ;        0;  0,09735;        ∞
"Xpow2_Sin_1(C:\git_reps\summer_practice\opaque-func-lib\Kravtsov\src\OpaqueFunctions\OpaqueFunctions.cs)";   10;0,32358;2|3 ;   0,1011 ;        0;   0,1011;        ∞
"Xpow2_Sin_1(C:\git_reps\summer_practice\opaque-func-lib\Kravtsov\src\OpaqueFunctions\OpaqueFunctions.cs)";   10;0,32987;2|3 ;   0,1049 ;        0;   0,1049;        ∞
"Xpow2_Sin_1(C:\git_reps\summer_practice\opaque-func-lib\Kravtsov\src\OpaqueFunctions\OpaqueFunctions.cs)";   10;0,33615;2|3 ;   0,1088 ;        0;   0,1088;        ∞
"Xpow2_Sin_1(C:\git_reps\summer_practice\opaque-func-lib\Kravtsov\src\OpaqueFunctions\OpaqueFunctions.cs)";   10;0,34243;2|3 ;   0,1127 ;        0;   0,1127;        ∞
"Xpow2_Sin_1(C:\git_reps\summer_practice\opaque-func-lib\Kravtsov\src\OpaqueFunctions\OpaqueFunctions.cs)";   10;0,34872;2|3 ;   0,1168 ;        0;   0,1168;        ∞
"Xpow2_Sin_1(C:\git_reps\summer_practice\opaque-func-lib\Kravtsov\src\OpaqueFunctions\OpaqueFunctions.cs)";   10;  0,355;2|3 ;   0,1208 ;        0;   0,1208;        ∞
"Xpow2_Sin_1(C:\git_reps\summer_practice\opaque-func-lib\Kravtsov\src\OpaqueFunctions\OpaqueFunctions.cs)";   10;0,36128;2|3 ;   0,1249 ;        0;   0,1249;        ∞
"Xpow2_Sin_1(C:\git_reps\summer_practice\opaque-func-lib\Kravtsov\src\OpaqueFunctions\OpaqueFunctions.cs)";   10;0,36757;2|3 ;   0,1291 ;        0;   0,1291;        ∞
"Xpow2_Sin_1(C:\git_reps\summer_practice\opaque-func-lib\Kravtsov\src\OpaqueFunctions\OpaqueFunctions.cs)";   10;0,37385;2|3 ;   0,1334 ;        0;   0,1334;        ∞
"Xpow2_Sin_1(C:\git_reps\summer_practice\opaque-func-lib\Kravtsov\src\OpaqueFunctions\OpaqueFunctions.cs)";   10;0,38013;2|3 ;   0,1377 ;        0;   0,1377;        ∞
"Xpow2_Sin_1(C:\git_reps\summer_practice\opaque-func-lib\Kravtsov\src\OpaqueFunctions\OpaqueFunctions.cs)";   10;0,38642;2|3 ;    0,142 ;        0;    0,142;        ∞
"Xpow2_Sin_1(C:\git_reps\summer_practice\opaque-func-lib\Kravtsov\src\OpaqueFunctions\OpaqueFunctions.cs)";   10; 0,3927;2|3 ;   0,1464 ;        0;   0,1464;        ∞
"Xpow2_Sin_1(C:\git_reps\summer_practice\opaque-func-lib\Kravtsov\src\OpaqueFunctions\OpaqueFunctions.cs)";   10;0,39898;2|3 ;   0,1509 ;        0;   0,1509;        ∞
"Xpow2_Sin_1(C:\git_reps\summer_practice\opaque-func-lib\Kravtsov\src\OpaqueFunctions\OpaqueFunctions.cs)";   10;0,40527;2|3 ;   0,1554 ;        0;   0,1554;        ∞
"Xpow2_Sin_1(C:\git_reps\summer_practice\opaque-func-lib\Kravtsov\src\OpaqueFunctions\OpaqueFunctions.cs)";   10;0,41155;2|3 ;     0,16 ;        0;     0,16;        ∞
"Xpow2_Sin_1(C:\git_reps\summer_practice\opaque-func-lib\Kravtsov\src\OpaqueFunctions\OpaqueFunctions.cs)";   10;0,41783;2|3 ;   0,1647 ;        0;   0,1647;        ∞
"Xpow2_Sin_1(C:\git_reps\summer_practice\opaque-func-lib\Kravtsov\src\OpaqueFunctions\OpaqueFunctions.cs)";   10;0,42412;2|3 ;   0,1693 ;        0;   0,1693;        ∞
"Xpow2_Sin_1(C:\git_reps\summer_practice\opaque-func-lib\Kravtsov\src\OpaqueFunctions\OpaqueFunctions.cs)";   10; 0,4304;2|3 ;   0,1741 ;        0;   0,1741;        ∞
"Xpow2_Sin_1(C:\git_reps\summer_practice\opaque-func-lib\Kravtsov\src\OpaqueFunctions\OpaqueFunctions.cs)";   10;0,43668;2|3 ;   0,1789 ;        0;   0,1789;        ∞
"Xpow2_Sin_1(C:\git_reps\summer_practice\opaque-func-lib\Kravtsov\src\OpaqueFunctions\OpaqueFunctions.cs)";   10;0,44296;2|3 ;   0,1837 ;        0;   0,1837;        ∞
"Xpow2_Sin_1(C:\git_reps\summer_practice\opaque-func-lib\Kravtsov\src\OpaqueFunctions\OpaqueFunctions.cs)";   10;0,44925;2|3 ;   0,1886 ;        0;   0,1886;        ∞
"Xpow2_Sin_1(C:\git_reps\summer_practice\opaque-func-lib\Kravtsov\src\OpaqueFunctions\OpaqueFunctions.cs)";   10;0,45553;2|3 ;   0,1935 ;        0;   0,1935;        ∞
"Xpow2_Sin_1(C:\git_reps\summer_practice\opaque-func-lib\Kravtsov\src\OpaqueFunctions\OpaqueFunctions.cs)";   10;0,46181;2|3 ;   0,1985 ;        0;   0,1985;        ∞
"Xpow2_Sin_1(C:\git_reps\summer_practice\opaque-func-lib\Kravtsov\src\OpaqueFunctions\OpaqueFunctions.cs)";   10; 0,4681;2|3 ;   0,2036 ;        0;   0,2036;        ∞
"Xpow2_Sin_1(C:\git_reps\summer_practice\opaque-func-lib\Kravtsov\src\OpaqueFunctions\OpaqueFunctions.cs)";   10;0,47438;2|3 ;   0,2087 ;        0;   0,2087;        ∞
"Xpow2_Sin_1(C:\git_reps\summer_practice\opaque-func-lib\Kravtsov\src\OpaqueFunctions\OpaqueFunctions.cs)";   10;0,48066;2|3 ;   0,2138 ;        0;   0,2138;        ∞
"Xpow2_Sin_1(C:\git_reps\summer_practice\opaque-func-lib\Kravtsov\src\OpaqueFunctions\OpaqueFunctions.cs)";   10;0,48695;2|3 ;    0,219 ;        0;    0,219;        ∞
"Xpow2_Sin_1(C:\git_reps\summer_practice\opaque-func-lib\Kravtsov\src\OpaqueFunctions\OpaqueFunctions.cs)";   10;0,49323;2|3 ;   0,2242 ;        0;   0,2242;        ∞
"Xpow2_Sin_1(C:\git_reps\summer_practice\opaque-func-lib\Kravtsov\src\OpaqueFunctions\OpaqueFunctions.cs)";   10;0,49951;2|3 ;   0,2294 ;        0;   0,2294;        ∞
"Xpow2_Sin_1(C:\git_reps\summer_practice\opaque-func-lib\Kravtsov\src\OpaqueFunctions\OpaqueFunctions.cs)";   10; 0,5058;2|3 ;   0,2347 ;        0;   0,2347;        ∞
"Xpow2_Sin_1(C:\git_reps\summer_practice\opaque-func-lib\Kravtsov\src\OpaqueFunctions\OpaqueFunctions.cs)";   10;0,51208;2|3 ;   0,2401 ;        0;   0,2401;        ∞
"Xpow2_Sin_1(C:\git_reps\summer_practice\opaque-func-lib\Kravtsov\src\OpaqueFunctions\OpaqueFunctions.cs)";   10;0,51836;2|3 ;   0,2455 ;        0;   0,2455;        ∞
"Xpow2_Sin_1(C:\git_reps\summer_practice\opaque-func-lib\Kravtsov\src\OpaqueFunctions\OpaqueFunctions.cs)";   10;0,52465;2|3 ;   0,2509 ;        0;   0,2509;        ∞
"Xpow2_Sin_1(C:\git_reps\summer_practice\opaque-func-lib\Kravtsov\src\OpaqueFunctions\OpaqueFunctions.cs)";   10;0,53093;2|3 ;   0,2564 ;        0;   0,2564;        ∞
"Xpow2_Sin_1(C:\git_reps\summer_practice\opaque-func-lib\Kravtsov\src\OpaqueFunctions\OpaqueFunctions.cs)";   10;0,53721;2|3 ;   0,2619 ;        0;   0,2619;        ∞
"Xpow2_Sin_1(C:\git_reps\summer_practice\opaque-func-lib\Kravtsov\src\OpaqueFunctions\OpaqueFunctions.cs)";   10; 0,5435;2|3 ;   0,2674 ;        0;   0,2674;        ∞
"Xpow2_Sin_1(C:\git_reps\summer_practice\opaque-func-lib\Kravtsov\src\OpaqueFunctions\OpaqueFunctions.cs)";   10;0,54978;2|3 ;    0,273 ;        0;    0,273;        ∞
"Xpow2_Sin_1(C:\git_reps\summer_practice\opaque-func-lib\Kravtsov\src\OpaqueFunctions\OpaqueFunctions.cs)";   10;0,55606;2|3 ;   0,2786 ;        0;   0,2786;        ∞
"Xpow2_Sin_1(C:\git_reps\summer_practice\opaque-func-lib\Kravtsov\src\OpaqueFunctions\OpaqueFunctions.cs)";   10;0,56235;2|3 ;   0,2843 ;        0;   0,2843;        ∞
"Xpow2_Sin_1(C:\git_reps\summer_practice\opaque-func-lib\Kravtsov\src\OpaqueFunctions\OpaqueFunctions.cs)";   10;0,56863;2|3 ;     0,29 ;        0;     0,29;        ∞
"Xpow2_Sin_1(C:\git_reps\summer_practice\opaque-func-lib\Kravtsov\src\OpaqueFunctions\OpaqueFunctions.cs)";   10;0,57491;2|3 ;   0,2957 ;        0;   0,2957;        ∞
"Xpow2_Sin_1(C:\git_reps\summer_practice\opaque-func-lib\Kravtsov\src\OpaqueFunctions\OpaqueFunctions.cs)";   10;0,58119;2|3 ;   0,3014 ;        0;   0,3014;        ∞
"Xpow2_Sin_1(C:\git_reps\summer_practice\opaque-func-lib\Kravtsov\src\OpaqueFunctions\OpaqueFunctions.cs)";   10;0,58748;2|3 ;   0,3072 ;        0;   0,3072;        ∞
"Xpow2_Sin_1(C:\git_reps\summer_practice\opaque-func-lib\Kravtsov\src\OpaqueFunctions\OpaqueFunctions.cs)";   10;0,59376;2|3 ;    0,313 ;        0;    0,313;        ∞
"Xpow2_Sin_1(C:\git_reps\summer_practice\opaque-func-lib\Kravtsov\src\OpaqueFunctions\OpaqueFunctions.cs)";   10;0,60004;2|3 ;   0,3189 ;        0;   0,3189;        ∞
"Xpow2_Sin_1(C:\git_reps\summer_practice\opaque-func-lib\Kravtsov\src\OpaqueFunctions\OpaqueFunctions.cs)";   10;0,60633;2|3 ;   0,3247 ;        0;   0,3247;        ∞
"Xpow2_Sin_1(C:\git_reps\summer_practice\opaque-func-lib\Kravtsov\src\OpaqueFunctions\OpaqueFunctions.cs)";   10;0,61261;2|3 ;   0,3306 ;        0;   0,3306;        ∞
"Xpow2_Sin_1(C:\git_reps\summer_practice\opaque-func-lib\Kravtsov\src\OpaqueFunctions\OpaqueFunctions.cs)";   10;0,61889;2|3 ;   0,3366 ;        0;   0,3366;        ∞
"Xpow2_Sin_1(C:\git_reps\summer_practice\opaque-func-lib\Kravtsov\src\OpaqueFunctions\OpaqueFunctions.cs)";   10;0,62518;2|3 ;   0,3425 ;        0;   0,3425;        ∞
"Xpow2_Sin_1(C:\git_reps\summer_practice\opaque-func-lib\Kravtsov\src\OpaqueFunctions\OpaqueFunctions.cs)";   10;0,63146;2|3 ;   0,3485 ;        0;   0,3485;        ∞
"Xpow2_Sin_1(C:\git_reps\summer_practice\opaque-func-lib\Kravtsov\src\OpaqueFunctions\OpaqueFunctions.cs)";   10;0,63774;2|3 ;   0,3545 ;        0;   0,3545;        ∞
"Xpow2_Sin_1(C:\git_reps\summer_practice\opaque-func-lib\Kravtsov\src\OpaqueFunctions\OpaqueFunctions.cs)";   10;0,64403;2|3 ;   0,3605 ;        0;   0,3605;        ∞
"Xpow2_Sin_1(C:\git_reps\summer_practice\opaque-func-lib\Kravtsov\src\OpaqueFunctions\OpaqueFunctions.cs)";   10;0,65031;2|3 ;   0,3665 ;        0;   0,3665;        ∞
"Xpow2_Sin_1(C:\git_reps\summer_practice\opaque-func-lib\Kravtsov\src\OpaqueFunctions\OpaqueFunctions.cs)";   10;0,65659;2|3 ;   0,3726 ;        0;   0,3726;        ∞
"Xpow2_Sin_1(C:\git_reps\summer_practice\opaque-func-lib\Kravtsov\src\OpaqueFunctions\OpaqueFunctions.cs)";   10;0,66288;2|3 ;   0,3787 ;        0;   0,3787;        ∞
"Xpow2_Sin_1(C:\git_reps\summer_practice\opaque-func-lib\Kravtsov\src\OpaqueFunctions\OpaqueFunctions.cs)";   10;0,66916;2|3 ;   0,3848 ;        0;   0,3848;        ∞
"Xpow2_Sin_1(C:\git_reps\summer_practice\opaque-func-lib\Kravtsov\src\OpaqueFunctions\OpaqueFunctions.cs)";   10;0,67544;2|3 ;   0,3909 ;        0;   0,3909;        ∞
"Xpow2_Sin_1(C:\git_reps\summer_practice\opaque-func-lib\Kravtsov\src\OpaqueFunctions\OpaqueFunctions.cs)";   10;0,68173;2|3 ;   0,3971 ;        0;   0,3971;        ∞
"Xpow2_Sin_1(C:\git_reps\summer_practice\opaque-func-lib\Kravtsov\src\OpaqueFunctions\OpaqueFunctions.cs)";   10;0,68801;2|3 ;   0,4032 ;        0;   0,4032;        ∞
"Xpow2_Sin_1(C:\git_reps\summer_practice\opaque-func-lib\Kravtsov\src\OpaqueFunctions\OpaqueFunctions.cs)";   10;0,69429;2|3 ;   0,4094 ;        0;   0,4094;        ∞
"Xpow2_Sin_1(C:\git_reps\summer_practice\opaque-func-lib\Kravtsov\src\OpaqueFunctions\OpaqueFunctions.cs)";   10;0,70058;2|3 ;   0,4156 ;        0;   0,4156;        ∞
"Xpow2_Sin_1(C:\git_reps\summer_practice\opaque-func-lib\Kravtsov\src\OpaqueFunctions\OpaqueFunctions.cs)";   10;0,70686;2|3 ;   0,4218 ;        0;   0,4218;        ∞
"Xpow2_Sin_1(C:\git_reps\summer_practice\opaque-func-lib\Kravtsov\src\OpaqueFunctions\OpaqueFunctions.cs)";   10;0,71314;2|3 ;    0,428 ;        0;    0,428;        ∞
"Xpow2_Sin_1(C:\git_reps\summer_practice\opaque-func-lib\Kravtsov\src\OpaqueFunctions\OpaqueFunctions.cs)";   10;0,71942;2|3 ;   0,4342 ;        0;   0,4342;        ∞
"Xpow2_Sin_1(C:\git_reps\summer_practice\opaque-func-lib\Kravtsov\src\OpaqueFunctions\OpaqueFunctions.cs)";   10;0,72571;2|3 ;   0,4405 ;        0;   0,4405;        ∞
"Xpow2_Sin_1(C:\git_reps\summer_practice\opaque-func-lib\Kravtsov\src\OpaqueFunctions\OpaqueFunctions.cs)";   10;0,73199;2|3 ;   0,4467 ;        0;   0,4467;        ∞
"Xpow2_Sin_1(C:\git_reps\summer_practice\opaque-func-lib\Kravtsov\src\OpaqueFunctions\OpaqueFunctions.cs)";   10;0,73827;2|3 ;   0,4529 ;        0;   0,4529;        ∞
"Xpow2_Sin_1(C:\git_reps\summer_practice\opaque-func-lib\Kravtsov\src\OpaqueFunctions\OpaqueFunctions.cs)";   10;0,74456;2|3 ;   0,4592 ;        0;   0,4592;        ∞
"Xpow2_Sin_1(C:\git_reps\summer_practice\opaque-func-lib\Kravtsov\src\OpaqueFunctions\OpaqueFunctions.cs)";   10;0,75084;2|3 ;   0,4655 ;        0;   0,4655;        ∞
"Xpow2_Sin_1(C:\git_reps\summer_practice\opaque-func-lib\Kravtsov\src\OpaqueFunctions\OpaqueFunctions.cs)";   10;0,75712;2|3 ;   0,4717 ;        0;   0,4717;        ∞
"Xpow2_Sin_1(C:\git_reps\summer_practice\opaque-func-lib\Kravtsov\src\OpaqueFunctions\OpaqueFunctions.cs)";   10;0,76341;2|3 ;    0,478 ;        0;    0,478;        ∞
"Xpow2_Sin_1(C:\git_reps\summer_practice\opaque-func-lib\Kravtsov\src\OpaqueFunctions\OpaqueFunctions.cs)";   10;0,76969;2|3 ;   0,4843 ;        0;   0,4843;        ∞
"Xpow2_Sin_1(C:\git_reps\summer_practice\opaque-func-lib\Kravtsov\src\OpaqueFunctions\OpaqueFunctions.cs)";   10;0,77597;2|3 ;   0,4906 ;        0;   0,4906;        ∞
"Xpow2_Sin_1(C:\git_reps\summer_practice\opaque-func-lib\Kravtsov\src\OpaqueFunctions\OpaqueFunctions.cs)";   10;0,78226;2|3 ;   0,4969 ;        0;   0,4969;        ∞
"Xpow2_Sin_1(C:\git_reps\summer_practice\opaque-func-lib\Kravtsov\src\OpaqueFunctions\OpaqueFunctions.cs)";   10;0,78854;2|3 ;   0,5031 ;        0;   0,5031;        ∞
"Xpow2_Sin_1(C:\git_reps\summer_practice\opaque-func-lib\Kravtsov\src\OpaqueFunctions\OpaqueFunctions.cs)";   10;0,79482;2|3 ;   0,5094 ;        0;   0,5094;        ∞
"Xpow2_Sin_1(C:\git_reps\summer_practice\opaque-func-lib\Kravtsov\src\OpaqueFunctions\OpaqueFunctions.cs)";   10;0,80111;2|3 ;   0,5157 ;        0;   0,5157;        ∞
"Xpow2_Sin_1(C:\git_reps\summer_practice\opaque-func-lib\Kravtsov\src\OpaqueFunctions\OpaqueFunctions.cs)";   10;0,80739;2|3 ;    0,522 ;        0;    0,522;        ∞
"Xpow2_Sin_1(C:\git_reps\summer_practice\opaque-func-lib\Kravtsov\src\OpaqueFunctions\OpaqueFunctions.cs)";   10;0,81367;2|3 ;   0,5283 ;        0;   0,5283;        ∞
"Xpow2_Sin_1(C:\git_reps\summer_practice\opaque-func-lib\Kravtsov\src\OpaqueFunctions\OpaqueFunctions.cs)";   10;0,81996;2|3 ;   0,5345 ;        0;   0,5345;        ∞
"Xpow2_Sin_1(C:\git_reps\summer_practice\opaque-func-lib\Kravtsov\src\OpaqueFunctions\OpaqueFunctions.cs)";   10;0,82624;2|3 ;   0,5408 ;        0;   0,5408;        ∞
"Xpow2_Sin_1(C:\git_reps\summer_practice\opaque-func-lib\Kravtsov\src\OpaqueFunctions\OpaqueFunctions.cs)";   10;0,83252;2|3 ;   0,5471 ;        0;   0,5471;        ∞
"Xpow2_Sin_1(C:\git_reps\summer_practice\opaque-func-lib\Kravtsov\src\OpaqueFunctions\OpaqueFunctions.cs)";   10;0,83881;2|3 ;   0,5533 ;        0;   0,5533;        ∞
"Xpow2_Sin_1(C:\git_reps\summer_practice\opaque-func-lib\Kravtsov\src\OpaqueFunctions\OpaqueFunctions.cs)";   10;0,84509;2|3 ;   0,5595 ;        0;   0,5595;        ∞
"Xpow2_Sin_1(C:\git_reps\summer_practice\opaque-func-lib\Kravtsov\src\OpaqueFunctions\OpaqueFunctions.cs)";   10;0,85137;2|3 ;   0,5658 ;        0;   0,5658;        ∞
"Xpow2_Sin_1(C:\git_reps\summer_practice\opaque-func-lib\Kravtsov\src\OpaqueFunctions\OpaqueFunctions.cs)";   10;0,85765;2|3 ;    0,572 ;        0;    0,572;        ∞
"Xpow2_Sin_1(C:\git_reps\summer_practice\opaque-func-lib\Kravtsov\src\OpaqueFunctions\OpaqueFunctions.cs)";   10;0,86394;2|3 ;   0,5782 ;        0;   0,5782;        ∞
"Xpow2_Sin_1(C:\git_reps\summer_practice\opaque-func-lib\Kravtsov\src\OpaqueFunctions\OpaqueFunctions.cs)";   10;0,87022;2|3 ;   0,5844 ;        0;   0,5844;        ∞
"Xpow2_Sin_1(C:\git_reps\summer_practice\opaque-func-lib\Kravtsov\src\OpaqueFunctions\OpaqueFunctions.cs)";   10; 0,8765;2|3 ;   0,5906 ;        0;   0,5906;        ∞
"Xpow2_Sin_1(C:\git_reps\summer_practice\opaque-func-lib\Kravtsov\src\OpaqueFunctions\OpaqueFunctions.cs)";   10;0,88279;2|3 ;   0,5968 ;        0;   0,5968;        ∞
"Xpow2_Sin_1(C:\git_reps\summer_practice\opaque-func-lib\Kravtsov\src\OpaqueFunctions\OpaqueFunctions.cs)";   10;0,88907;2|3 ;   0,6029 ;        0;   0,6029;        ∞
"Xpow2_Sin_1(C:\git_reps\summer_practice\opaque-func-lib\Kravtsov\src\OpaqueFunctions\OpaqueFunctions.cs)";   10;0,89535;2|3 ;   0,6091 ;        0;   0,6091;        ∞
"Xpow2_Sin_1(C:\git_reps\summer_practice\opaque-func-lib\Kravtsov\src\OpaqueFunctions\OpaqueFunctions.cs)";   10;0,90164;2|3 ;   0,6152 ;        0;   0,6152;        ∞
"Xpow2_Sin_1(C:\git_reps\summer_practice\opaque-func-lib\Kravtsov\src\OpaqueFunctions\OpaqueFunctions.cs)";   10;0,90792;2|3 ;   0,6213 ;        0;   0,6213;        ∞
"Xpow2_Sin_1(C:\git_reps\summer_practice\opaque-func-lib\Kravtsov\src\OpaqueFunctions\OpaqueFunctions.cs)";   10; 0,9142;2|3 ;   0,6274 ;        0;   0,6274;        ∞
"Xpow2_Sin_1(C:\git_reps\summer_practice\opaque-func-lib\Kravtsov\src\OpaqueFunctions\OpaqueFunctions.cs)";   10;0,92049;2|3 ;   0,6335 ;        0;   0,6335;        ∞
"Xpow2_Sin_1(C:\git_reps\summer_practice\opaque-func-lib\Kravtsov\src\OpaqueFunctions\OpaqueFunctions.cs)";   10;0,92677;2|3 ;   0,6395 ;        0;   0,6395;        ∞
"Xpow2_Sin_1(C:\git_reps\summer_practice\opaque-func-lib\Kravtsov\src\OpaqueFunctions\OpaqueFunctions.cs)";   10;0,93305;2|3 ;   0,6455 ;        0;   0,6455;        ∞
"Xpow2_Sin_1(C:\git_reps\summer_practice\opaque-func-lib\Kravtsov\src\OpaqueFunctions\OpaqueFunctions.cs)";   10;0,93934;2|3 ;   0,6515 ;        0;   0,6515;        ∞
"Xpow2_Sin_1(C:\git_reps\summer_practice\opaque-func-lib\Kravtsov\src\OpaqueFunctions\OpaqueFunctions.cs)";   10;0,94562;2|3 ;   0,6575 ;        0;   0,6575;        ∞
"Xpow2_Sin_1(C:\git_reps\summer_practice\opaque-func-lib\Kravtsov\src\OpaqueFunctions\OpaqueFunctions.cs)";   10; 0,9519;2|3 ;   0,6634 ;        0;   0,6634;        ∞
"Xpow2_Sin_1(C:\git_reps\summer_practice\opaque-func-lib\Kravtsov\src\OpaqueFunctions\OpaqueFunctions.cs)";   10;0,95819;2|3 ;   0,6694 ;        0;   0,6694;        ∞
"Xpow2_Sin_1(C:\git_reps\summer_practice\opaque-func-lib\Kravtsov\src\OpaqueFunctions\OpaqueFunctions.cs)";   10;0,96447;2|3 ;   0,6753 ;        0;   0,6753;        ∞
"Xpow2_Sin_1(C:\git_reps\summer_practice\opaque-func-lib\Kravtsov\src\OpaqueFunctions\OpaqueFunctions.cs)";   10;0,97075;2|3 ;   0,6811 ;        0;   0,6811;        ∞
"Xpow2_Sin_1(C:\git_reps\summer_practice\opaque-func-lib\Kravtsov\src\OpaqueFunctions\OpaqueFunctions.cs)";   10;0,97704;2|3 ;    0,687 ;        0;    0,687;        ∞
"Xpow2_Sin_1(C:\git_reps\summer_practice\opaque-func-lib\Kravtsov\src\OpaqueFunctions\OpaqueFunctions.cs)";   10;0,98332;2|3 ;   0,6928 ;        0;   0,6928;        ∞
"Xpow2_Sin_1(C:\git_reps\summer_practice\opaque-func-lib\Kravtsov\src\OpaqueFunctions\OpaqueFunctions.cs)";   10; 0,9896;2|3 ;   0,6986 ;        0;   0,6986;        ∞
"Xpow2_Sin_1(C:\git_reps\summer_practice\opaque-func-lib\Kravtsov\src\OpaqueFunctions\OpaqueFunctions.cs)";   10;0,99588;2|3 ;   0,7043 ;        0;   0,7043;        ∞
"Xpow2_Sin_1(C:\git_reps\summer_practice\opaque-func-lib\Kravtsov\src\OpaqueFunctions\OpaqueFunctions.cs)";   10; 1,0022;2|3 ;     0,71 ;        0;     0,71;        ∞
"Xpow2_Sin_1(C:\git_reps\summer_practice\opaque-func-lib\Kravtsov\src\OpaqueFunctions\OpaqueFunctions.cs)";   10; 1,0085;2|3 ;   0,7157 ;        0;   0,7157;        ∞
"Xpow2_Sin_1(C:\git_reps\summer_practice\opaque-func-lib\Kravtsov\src\OpaqueFunctions\OpaqueFunctions.cs)";   10; 1,0147;2|3 ;   0,7214 ;        0;   0,7214;        ∞
"Xpow2_Sin_1(C:\git_reps\summer_practice\opaque-func-lib\Kravtsov\src\OpaqueFunctions\OpaqueFunctions.cs)";   10;  1,021;2|3 ;    0,727 ;        0;    0,727;        ∞
"Xpow2_Sin_1(C:\git_reps\summer_practice\opaque-func-lib\Kravtsov\src\OpaqueFunctions\OpaqueFunctions.cs)";   10; 1,0273;2|3 ;   0,7326 ;        0;   0,7326;        ∞
"Xpow2_Sin_1(C:\git_reps\summer_practice\opaque-func-lib\Kravtsov\src\OpaqueFunctions\OpaqueFunctions.cs)";   10; 1,0336;2|3 ;   0,7381 ;        0;   0,7381;        ∞
"Xpow2_Sin_1(C:\git_reps\summer_practice\opaque-func-lib\Kravtsov\src\OpaqueFunctions\OpaqueFunctions.cs)";   10; 1,0399;2|3 ;   0,7436 ;        0;   0,7436;        ∞
"Xpow2_Sin_1(C:\git_reps\summer_practice\opaque-func-lib\Kravtsov\src\OpaqueFunctions\OpaqueFunctions.cs)";   10; 1,0462;2|3 ;   0,7491 ;        0;   0,7491;        ∞
"Xpow2_Sin_1(C:\git_reps\summer_practice\opaque-func-lib\Kravtsov\src\OpaqueFunctions\OpaqueFunctions.cs)";   10; 1,0524;2|3 ;   0,7545 ;        0;   0,7545;        ∞
"Xpow2_Sin_1(C:\git_reps\summer_practice\opaque-func-lib\Kravtsov\src\OpaqueFunctions\OpaqueFunctions.cs)";   10; 1,0587;2|3 ;   0,7599 ;        0;   0,7599;        ∞
"Xpow2_Sin_1(C:\git_reps\summer_practice\opaque-func-lib\Kravtsov\src\OpaqueFunctions\OpaqueFunctions.cs)";   10;  1,065;2|3 ;   0,7653 ;        0;   0,7653;        ∞
"Xpow2_Sin_1(C:\git_reps\summer_practice\opaque-func-lib\Kravtsov\src\OpaqueFunctions\OpaqueFunctions.cs)";   10; 1,0713;2|3 ;   0,7706 ;        0;   0,7706;        ∞
"Xpow2_Sin_1(C:\git_reps\summer_practice\opaque-func-lib\Kravtsov\src\OpaqueFunctions\OpaqueFunctions.cs)";   10; 1,0776;2|3 ;   0,7758 ;        0;   0,7758;        ∞
"Xpow2_Sin_1(C:\git_reps\summer_practice\opaque-func-lib\Kravtsov\src\OpaqueFunctions\OpaqueFunctions.cs)";   10; 1,0838;2|3 ;    0,781 ;        0;    0,781;        ∞
"Xpow2_Sin_1(C:\git_reps\summer_practice\opaque-func-lib\Kravtsov\src\OpaqueFunctions\OpaqueFunctions.cs)";   10; 1,0901;2|3 ;   0,7862 ;        0;   0,7862;        ∞
"Xpow2_Sin_1(C:\git_reps\summer_practice\opaque-func-lib\Kravtsov\src\OpaqueFunctions\OpaqueFunctions.cs)";   10; 1,0964;2|3 ;   0,7913 ;        0;   0,7913;        ∞
"Xpow2_Sin_1(C:\git_reps\summer_practice\opaque-func-lib\Kravtsov\src\OpaqueFunctions\OpaqueFunctions.cs)";   10; 1,1027;2|3 ;   0,7964 ;        0;   0,7964;        ∞
"Xpow2_Sin_1(C:\git_reps\summer_practice\opaque-func-lib\Kravtsov\src\OpaqueFunctions\OpaqueFunctions.cs)";   10;  1,109;2|3 ;   0,8015 ;        0;   0,8015;        ∞
"Xpow2_Sin_1(C:\git_reps\summer_practice\opaque-func-lib\Kravtsov\src\OpaqueFunctions\OpaqueFunctions.cs)";   10; 1,1153;2|3 ;   0,8065 ;        0;   0,8065;        ∞
"Xpow2_Sin_1(C:\git_reps\summer_practice\opaque-func-lib\Kravtsov\src\OpaqueFunctions\OpaqueFunctions.cs)";   10; 1,1215;2|3 ;   0,8114 ;        0;   0,8114;        ∞
"Xpow2_Sin_1(C:\git_reps\summer_practice\opaque-func-lib\Kravtsov\src\OpaqueFunctions\OpaqueFunctions.cs)";   10; 1,1278;2|3 ;   0,8163 ;        0;   0,8163;        ∞
"Xpow2_Sin_1(C:\git_reps\summer_practice\opaque-func-lib\Kravtsov\src\OpaqueFunctions\OpaqueFunctions.cs)";   10; 1,1341;2|3 ;   0,8211 ;        0;   0,8211;        ∞
"Xpow2_Sin_1(C:\git_reps\summer_practice\opaque-func-lib\Kravtsov\src\OpaqueFunctions\OpaqueFunctions.cs)";   10; 1,1404;2|3 ;   0,8259 ;        0;   0,8259;        ∞
"Xpow2_Sin_1(C:\git_reps\summer_practice\opaque-func-lib\Kravtsov\src\OpaqueFunctions\OpaqueFunctions.cs)";   10; 1,1467;2|3 ;   0,8307 ;        0;   0,8307;        ∞
"Xpow2_Sin_1(C:\git_reps\summer_practice\opaque-func-lib\Kravtsov\src\OpaqueFunctions\OpaqueFunctions.cs)";   10;  1,153;2|3 ;   0,8353 ;        0;   0,8353;        ∞
"Xpow2_Sin_1(C:\git_reps\summer_practice\opaque-func-lib\Kravtsov\src\OpaqueFunctions\OpaqueFunctions.cs)";   10; 1,1592;2|3 ;     0,84 ;        0;     0,84;        ∞
"Xpow2_Sin_1(C:\git_reps\summer_practice\opaque-func-lib\Kravtsov\src\OpaqueFunctions\OpaqueFunctions.cs)";   10; 1,1655;2|3 ;   0,8446 ;        0;   0,8446;        ∞
"Xpow2_Sin_1(C:\git_reps\summer_practice\opaque-func-lib\Kravtsov\src\OpaqueFunctions\OpaqueFunctions.cs)";   10; 1,1718;2|3 ;   0,8491 ;        0;   0,8491;        ∞
"Xpow2_Sin_1(C:\git_reps\summer_practice\opaque-func-lib\Kravtsov\src\OpaqueFunctions\OpaqueFunctions.cs)";   10; 1,1781;2|3 ;   0,8536 ;        0;   0,8536;        ∞
"Xpow2_Sin_1(C:\git_reps\summer_practice\opaque-func-lib\Kravtsov\src\OpaqueFunctions\OpaqueFunctions.cs)";   10; 1,1844;2|3 ;    0,858 ;        0;    0,858;        ∞
"Xpow2_Sin_1(C:\git_reps\summer_practice\opaque-func-lib\Kravtsov\src\OpaqueFunctions\OpaqueFunctions.cs)";   10; 1,1907;2|3 ;   0,8623 ;        0;   0,8623;        ∞
"Xpow2_Sin_1(C:\git_reps\summer_practice\opaque-func-lib\Kravtsov\src\OpaqueFunctions\OpaqueFunctions.cs)";   10; 1,1969;2|3 ;   0,8666 ;        0;   0,8666;        ∞
"Xpow2_Sin_1(C:\git_reps\summer_practice\opaque-func-lib\Kravtsov\src\OpaqueFunctions\OpaqueFunctions.cs)";   10; 1,2032;2|3 ;   0,8709 ;        0;   0,8709;        ∞
"Xpow2_Sin_1(C:\git_reps\summer_practice\opaque-func-lib\Kravtsov\src\OpaqueFunctions\OpaqueFunctions.cs)";   10; 1,2095;2|3 ;   0,8751 ;        0;   0,8751;        ∞
"Xpow2_Sin_1(C:\git_reps\summer_practice\opaque-func-lib\Kravtsov\src\OpaqueFunctions\OpaqueFunctions.cs)";   10; 1,2158;2|3 ;   0,8792 ;        0;   0,8792;        ∞
"Xpow2_Sin_1(C:\git_reps\summer_practice\opaque-func-lib\Kravtsov\src\OpaqueFunctions\OpaqueFunctions.cs)";   10; 1,2221;2|3 ;   0,8832 ;        0;   0,8832;        ∞
"Xpow2_Sin_1(C:\git_reps\summer_practice\opaque-func-lib\Kravtsov\src\OpaqueFunctions\OpaqueFunctions.cs)";   10; 1,2284;2|3 ;   0,8873 ;        0;   0,8873;        ∞
"Xpow2_Sin_1(C:\git_reps\summer_practice\opaque-func-lib\Kravtsov\src\OpaqueFunctions\OpaqueFunctions.cs)";   10; 1,2346;2|3 ;   0,8912 ;        0;   0,8912;        ∞
"Xpow2_Sin_1(C:\git_reps\summer_practice\opaque-func-lib\Kravtsov\src\OpaqueFunctions\OpaqueFunctions.cs)";   10; 1,2409;2|3 ;   0,8951 ;        0;   0,8951;        ∞
"Xpow2_Sin_1(C:\git_reps\summer_practice\opaque-func-lib\Kravtsov\src\OpaqueFunctions\OpaqueFunctions.cs)";   10; 1,2472;2|3 ;   0,8989 ;        0;   0,8989;        ∞
"Xpow2_Sin_1(C:\git_reps\summer_practice\opaque-func-lib\Kravtsov\src\OpaqueFunctions\OpaqueFunctions.cs)";   10; 1,2535;2|3 ;   0,9027 ;        0;   0,9027;        ∞
"Xpow2_Sin_1(C:\git_reps\summer_practice\opaque-func-lib\Kravtsov\src\OpaqueFunctions\OpaqueFunctions.cs)";   10; 1,2598;2|3 ;   0,9063 ;        0;   0,9063;        ∞
"Xpow2_Sin_1(C:\git_reps\summer_practice\opaque-func-lib\Kravtsov\src\OpaqueFunctions\OpaqueFunctions.cs)";   10; 1,2661;2|3 ;     0,91 ;        0;     0,91;        ∞
"Xpow2_Sin_1(C:\git_reps\summer_practice\opaque-func-lib\Kravtsov\src\OpaqueFunctions\OpaqueFunctions.cs)";   10; 1,2723;2|3 ;   0,9135 ;        0;   0,9135;        ∞
"Xpow2_Sin_1(C:\git_reps\summer_practice\opaque-func-lib\Kravtsov\src\OpaqueFunctions\OpaqueFunctions.cs)";   10; 1,2786;2|3 ;    0,917 ;        0;    0,917;        ∞
"Xpow2_Sin_1(C:\git_reps\summer_practice\opaque-func-lib\Kravtsov\src\OpaqueFunctions\OpaqueFunctions.cs)";   10; 1,2849;2|3 ;   0,9205 ;        0;   0,9205;        ∞
"Xpow2_Sin_1(C:\git_reps\summer_practice\opaque-func-lib\Kravtsov\src\OpaqueFunctions\OpaqueFunctions.cs)";   10; 1,2912;2|3 ;   0,9238 ;        0;   0,9238;        ∞
"Xpow2_Sin_1(C:\git_reps\summer_practice\opaque-func-lib\Kravtsov\src\OpaqueFunctions\OpaqueFunctions.cs)";   10; 1,2975;2|3 ;   0,9271 ;        0;   0,9271;        ∞
"Xpow2_Sin_1(C:\git_reps\summer_practice\opaque-func-lib\Kravtsov\src\OpaqueFunctions\OpaqueFunctions.cs)";   10; 1,3038;2|3 ;   0,9304 ;        0;   0,9304;        ∞
"Xpow2_Sin_1(C:\git_reps\summer_practice\opaque-func-lib\Kravtsov\src\OpaqueFunctions\OpaqueFunctions.cs)";   10;   1,31;2|3 ;   0,9335 ;        0;   0,9335;        ∞
"Xpow2_Sin_1(C:\git_reps\summer_practice\opaque-func-lib\Kravtsov\src\OpaqueFunctions\OpaqueFunctions.cs)";   10; 1,3163;2|3 ;   0,9366 ;        0;   0,9366;        ∞
"Xpow2_Sin_1(C:\git_reps\summer_practice\opaque-func-lib\Kravtsov\src\OpaqueFunctions\OpaqueFunctions.cs)";   10; 1,3226;2|3 ;   0,9397 ;        0;   0,9397;        ∞
"Xpow2_Sin_1(C:\git_reps\summer_practice\opaque-func-lib\Kravtsov\src\OpaqueFunctions\OpaqueFunctions.cs)";   10; 1,3289;2|3 ;   0,9426 ;        0;   0,9426;        ∞
"Xpow2_Sin_1(C:\git_reps\summer_practice\opaque-func-lib\Kravtsov\src\OpaqueFunctions\OpaqueFunctions.cs)";   10; 1,3352;2|3 ;   0,9455 ;        0;   0,9455;        ∞
"Xpow2_Sin_1(C:\git_reps\summer_practice\opaque-func-lib\Kravtsov\src\OpaqueFunctions\OpaqueFunctions.cs)";   10; 1,3415;2|3 ;   0,9483 ;        0;   0,9483;        ∞
"Xpow2_Sin_1(C:\git_reps\summer_practice\opaque-func-lib\Kravtsov\src\OpaqueFunctions\OpaqueFunctions.cs)";   10; 1,3477;2|3 ;   0,9511 ;        0;   0,9511;        ∞
"Xpow2_Sin_1(C:\git_reps\summer_practice\opaque-func-lib\Kravtsov\src\OpaqueFunctions\OpaqueFunctions.cs)";   10;  1,354;2|3 ;   0,9537 ;        0;   0,9537;        ∞
"Xpow2_Sin_1(C:\git_reps\summer_practice\opaque-func-lib\Kravtsov\src\OpaqueFunctions\OpaqueFunctions.cs)";   10; 1,3603;2|3 ;   0,9563 ;        0;   0,9563;        ∞
"Xpow2_Sin_1(C:\git_reps\summer_practice\opaque-func-lib\Kravtsov\src\OpaqueFunctions\OpaqueFunctions.cs)";   10; 1,3666;2|3 ;   0,9589 ;        0;   0,9589;        ∞
"Xpow2_Sin_1(C:\git_reps\summer_practice\opaque-func-lib\Kravtsov\src\OpaqueFunctions\OpaqueFunctions.cs)";   10; 1,3729;2|3 ;   0,9613 ;        0;   0,9613;        ∞
"Xpow2_Sin_1(C:\git_reps\summer_practice\opaque-func-lib\Kravtsov\src\OpaqueFunctions\OpaqueFunctions.cs)";   10; 1,3792;2|3 ;   0,9637 ;        0;   0,9637;        ∞
"Xpow2_Sin_1(C:\git_reps\summer_practice\opaque-func-lib\Kravtsov\src\OpaqueFunctions\OpaqueFunctions.cs)";   10; 1,3854;2|3 ;    0,966 ;        0;    0,966;        ∞
"Xpow2_Sin_1(C:\git_reps\summer_practice\opaque-func-lib\Kravtsov\src\OpaqueFunctions\OpaqueFunctions.cs)";   10; 1,3917;2|3 ;   0,9683 ;        0;   0,9683;        ∞
"Xpow2_Sin_1(C:\git_reps\summer_practice\opaque-func-lib\Kravtsov\src\OpaqueFunctions\OpaqueFunctions.cs)";   10;  1,398;2|3 ;   0,9704 ;        0;   0,9704;        ∞
"Xpow2_Sin_1(C:\git_reps\summer_practice\opaque-func-lib\Kravtsov\src\OpaqueFunctions\OpaqueFunctions.cs)";   10; 1,4043;2|3 ;   0,9725 ;        0;   0,9725;        ∞
"Xpow2_Sin_1(C:\git_reps\summer_practice\opaque-func-lib\Kravtsov\src\OpaqueFunctions\OpaqueFunctions.cs)";   10; 1,4106;2|3 ;   0,9745 ;        0;   0,9745;        ∞
"Xpow2_Sin_1(C:\git_reps\summer_practice\opaque-func-lib\Kravtsov\src\OpaqueFunctions\OpaqueFunctions.cs)";   10; 1,4169;2|3 ;   0,9765 ;        0;   0,9765;        ∞
"Xpow2_Sin_1(C:\git_reps\summer_practice\opaque-func-lib\Kravtsov\src\OpaqueFunctions\OpaqueFunctions.cs)";   10; 1,4231;2|3 ;   0,9784 ;        0;   0,9784;        ∞
"Xpow2_Sin_1(C:\git_reps\summer_practice\opaque-func-lib\Kravtsov\src\OpaqueFunctions\OpaqueFunctions.cs)";   10; 1,4294;2|3 ;   0,9801 ;        0;   0,9801;        ∞
"Xpow2_Sin_1(C:\git_reps\summer_practice\opaque-func-lib\Kravtsov\src\OpaqueFunctions\OpaqueFunctions.cs)";   10; 1,4357;2|3 ;   0,9819 ;        0;   0,9819;        ∞
"Xpow2_Sin_1(C:\git_reps\summer_practice\opaque-func-lib\Kravtsov\src\OpaqueFunctions\OpaqueFunctions.cs)";   10;  1,442;2|3 ;   0,9835 ;        0;   0,9835;        ∞
"Xpow2_Sin_1(C:\git_reps\summer_practice\opaque-func-lib\Kravtsov\src\OpaqueFunctions\OpaqueFunctions.cs)";   10; 1,4483;2|3 ;   0,9851 ;        0;   0,9851;        ∞
"Xpow2_Sin_1(C:\git_reps\summer_practice\opaque-func-lib\Kravtsov\src\OpaqueFunctions\OpaqueFunctions.cs)";   10; 1,4546;2|3 ;   0,9865 ;        0;   0,9865;        ∞
"Xpow2_Sin_1(C:\git_reps\summer_practice\opaque-func-lib\Kravtsov\src\OpaqueFunctions\OpaqueFunctions.cs)";   10; 1,4608;2|3 ;    0,988 ;        0;    0,988;        ∞
"Xpow2_Sin_1(C:\git_reps\summer_practice\opaque-func-lib\Kravtsov\src\OpaqueFunctions\OpaqueFunctions.cs)";   10; 1,4671;2|3 ;   0,9893 ;        0;   0,9893;        ∞
"Xpow2_Sin_1(C:\git_reps\summer_practice\opaque-func-lib\Kravtsov\src\OpaqueFunctions\OpaqueFunctions.cs)";   10; 1,4734;2|3 ;   0,9905 ;        0;   0,9905;        ∞
"Xpow2_Sin_1(C:\git_reps\summer_practice\opaque-func-lib\Kravtsov\src\OpaqueFunctions\OpaqueFunctions.cs)";   10; 1,4797;2|3 ;   0,9917 ;        0;   0,9917;        ∞
"Xpow2_Sin_1(C:\git_reps\summer_practice\opaque-func-lib\Kravtsov\src\OpaqueFunctions\OpaqueFunctions.cs)";   10;  1,486;2|3 ;   0,9928 ;        0;   0,9928;        ∞
"Xpow2_Sin_1(C:\git_reps\summer_practice\opaque-func-lib\Kravtsov\src\OpaqueFunctions\OpaqueFunctions.cs)";   10; 1,4923;2|3 ;   0,9938 ;        0;   0,9938;        ∞
"Xpow2_Sin_1(C:\git_reps\summer_practice\opaque-func-lib\Kravtsov\src\OpaqueFunctions\OpaqueFunctions.cs)";   10; 1,4985;2|3 ;   0,9948 ;        0;   0,9948;        ∞
"Xpow2_Sin_1(C:\git_reps\summer_practice\opaque-func-lib\Kravtsov\src\OpaqueFunctions\OpaqueFunctions.cs)";   10; 1,5048;2|3 ;   0,9957 ;        0;   0,9957;        ∞
"Xpow2_Sin_1(C:\git_reps\summer_practice\opaque-func-lib\Kravtsov\src\OpaqueFunctions\OpaqueFunctions.cs)";   10; 1,5111;2|3 ;   0,9964 ;        0;   0,9964;        ∞
"Xpow2_Sin_1(C:\git_reps\summer_practice\opaque-func-lib\Kravtsov\src\OpaqueFunctions\OpaqueFunctions.cs)";   10; 1,5174;2|3 ;   0,9972 ;        0;   0,9972;        ∞
"Xpow2_Sin_1(C:\git_reps\summer_practice\opaque-func-lib\Kravtsov\src\OpaqueFunctions\OpaqueFunctions.cs)";   10; 1,5237;2|3 ;   0,9978 ;        0;   0,9978;        ∞
"Xpow2_Sin_1(C:\git_reps\summer_practice\opaque-func-lib\Kravtsov\src\OpaqueFunctions\OpaqueFunctions.cs)";   10;   1,53;2|3 ;   0,9983 ;        0;   0,9983;        ∞
"Xpow2_Sin_1(C:\git_reps\summer_practice\opaque-func-lib\Kravtsov\src\OpaqueFunctions\OpaqueFunctions.cs)";   10; 1,5362;2|3 ;   0,9988 ;        0;   0,9988;        ∞
"Xpow2_Sin_1(C:\git_reps\summer_practice\opaque-func-lib\Kravtsov\src\OpaqueFunctions\OpaqueFunctions.cs)";   10; 1,5425;2|3 ;   0,9992 ;        0;   0,9992;        ∞
"Xpow2_Sin_1(C:\git_reps\summer_practice\opaque-func-lib\Kravtsov\src\OpaqueFunctions\OpaqueFunctions.cs)";   10; 1,5488;2|3 ;   0,9995 ;        0;   0,9995;        ∞
"Xpow2_Sin_1(C:\git_reps\summer_practice\opaque-func-lib\Kravtsov\src\OpaqueFunctions\OpaqueFunctions.cs)";   10; 1,5551;2|3 ;   0,9998 ;        0;   0,9998;        ∞
"Xpow2_Sin_1(C:\git_reps\summer_practice\opaque-func-lib\Kravtsov\src\OpaqueFunctions\OpaqueFunctions.cs)";   10; 1,5614;2|3 ;   0,9999 ;        0;   0,9999;        ∞
"Xpow2_Sin_1(C:\git_reps\summer_practice\opaque-func-lib\Kravtsov\src\OpaqueFunctions\OpaqueFunctions.cs)";   10; 1,5677;2|3 ;        1 ;        0;        1;        ∞

